SegmentID	Chromosome	StartPosition	StopPosition	MarkerCount	Type	State	Median Log2 Ratio	Median BAF	% Aberr. Cells	TuScan Ploidy	FileName
88	1	754192	27978664	2364	TotalCN	1	-0.319	0.328	50	2	STT9312.OSCHP
89	1	27983008	179162353	10082	TotalCN	2	-0.009	0.482	50	2	STT9312.OSCHP
90	1	179176398	179459554	20	TotalCN	1	-0.193	NaN	50	2	STT9312.OSCHP
91	1	179471183	249212878	5334	TotalCN	2	-0.003	0.482	50	2	STT9312.OSCHP
92	2	21494	62136836	4922	TotalCN	1	-0.365	0.323	50	2	STT9312.OSCHP
93	2	62193438	72498499	723	TotalCN	2	0.022	0.482	50	2	STT9312.OSCHP
94	2	72518717	75414092	194	TotalCN	1	-0.38	NaN	50	2	STT9312.OSCHP
95	2	75425728	97184160	1035	TotalCN	2	-0.003	0.482	50	2	STT9312.OSCHP
96	2	97212755	102444042	554	TotalCN	1	-0.337	0.326	50	2	STT9312.OSCHP
97	2	102467321	106245742	267	TotalCN	2	-0.01	0.487	50	2	STT9312.OSCHP
98	2	106266007	112277492	350	TotalCN	1	-0.353	0.311	50	2	STT9312.OSCHP
99	2	112282628	113043940	65	TotalCN	2	0.015	0.491	50	2	STT9312.OSCHP
100	2	113058924	113259858	19	TotalCN	1	-0.324	NaN	50	2	STT9312.OSCHP
101	2	113270914	114429211	106	TotalCN	2	0.038	0.478	50	2	STT9312.OSCHP
102	2	114437346	151898190	3101	TotalCN	1	-0.382	0.317	50	2	STT9312.OSCHP
103	2	151920572	243052331	6766	TotalCN	2	-0.016	0.481	50	2	STT9312.OSCHP
104	3	63411	197852564	15037	TotalCN	2	-0.001	0.483	50	2	STT9312.OSCHP
105	4	69404	80065818	5398	TotalCN	2	0.006	0.483	50	2	STT9312.OSCHP
106	4	80073644	81990901	129	TotalCN	1	-0.421	0.319	50	2	STT9312.OSCHP
107	4	82009707	190915650	7860	TotalCN	2	-0.001	0.483	50	2	STT9312.OSCHP
108	5	38139	19642040	1338	TotalCN	1	-0.353	0.321	50	2	STT9312.OSCHP
109	5	19656915	20616838	65	TotalCN	2	-0.026	0.489	50	2	STT9312.OSCHP
110	5	20626297	37075936	1139	TotalCN	1	-0.378	0.319	50	2	STT9312.OSCHP
111	5	37088627	43228020	482	TotalCN	2	-0.051	0.48	50	2	STT9312.OSCHP
112	5	43244846	44398277	82	TotalCN	1	-0.184	NaN	50	2	STT9312.OSCHP
113	5	44412065	70750597	1527	TotalCN	2	-0.028	0.481	50	2	STT9312.OSCHP
114	5	70753934	70973356	20	TotalCN	1	-0.176	NaN	50	2	STT9312.OSCHP
115	5	70993561	99655446	1933	TotalCN	2	-0.025	0.482	50	2	STT9312.OSCHP
116	5	99664527	99968045	19	TotalCN	1	-0.192	NaN	50	2	STT9312.OSCHP
117	5	99983278	163143017	4449	TotalCN	2	-0.013	0.483	50	2	STT9312.OSCHP
118	5	163166703	163438424	19	TotalCN	1	-0.299	NaN	50	2	STT9312.OSCHP
119	5	163450450	180698312	1287	TotalCN	2	-0.005	0.482	50	2	STT9312.OSCHP
120	6	204909	169251249	12599	TotalCN	2	0.017	0.483	50	2	STT9312.OSCHP
121	6	169264259	169568809	21	TotalCN	3	0.15	NaN	50	2	STT9312.OSCHP
122	6	169589925	170913051	84	TotalCN	2	0.042	0.483	50	2	STT9312.OSCHP
123	7	41421	159118443	11975	TotalCN	2	-0.009	0.481	50	2	STT9312.OSCHP
124	8	172417	113296390	8771	TotalCN	2	0.012	0.481	50	2	STT9312.OSCHP
125	8	113297526	113321170	26	TotalCN	3	0.144	NaN	50	2	STT9312.OSCHP
126	8	113321914	146292734	3152	TotalCN	2	0.001	0.483	50	2	STT9312.OSCHP
127	9	204738	112634640	6296	TotalCN	2	0.002	0.482	50	2	STT9312.OSCHP
128	9	112648964	112950305	24	TotalCN	1	-0.251	NaN	50	2	STT9312.OSCHP
129	9	112958888	139394155	2033	TotalCN	2	0.027	0.485	50	2	STT9312.OSCHP
130	9	139397426	139544437	25	TotalCN	1	-0.245	NaN	50	2	STT9312.OSCHP
131	9	139556312	141054761	153	TotalCN	2	0.002	0.482	50	2	STT9312.OSCHP
132	10	126070	61109730	4033	TotalCN	2	0.005	0.485	50	2	STT9312.OSCHP
133	10	61123193	64601435	264	TotalCN	1	-0.369	0.314	50	2	STT9312.OSCHP
134	10	64611889	70310482	423	TotalCN	2	-0.013	0.484	50	2	STT9312.OSCHP
135	10	70316352	74671611	326	TotalCN	1	-0.308	0.348	50	2	STT9312.OSCHP
136	10	74684417	135434303	4649	TotalCN	2	-0.005	0.483	50	2	STT9312.OSCHP
137	11	192764	134938847	9947	TotalCN	2	-0.016	0.481	50	2	STT9312.OSCHP
138	12	189400	33918596	2789	TotalCN	2	0.01	0.483	50	2	STT9312.OSCHP
139	12	33938304	38626195	108	TotalCN	3	0.16	NaN	50	2	STT9312.OSCHP
140	12	38642109	133818115	7448	TotalCN	2	0.002	0.484	50	2	STT9312.OSCHP
141	13	19084823	23874150	335	TotalCN	2	-0.037	0.482	50	2	STT9312.OSCHP
142	13	23898934	25566804	116	TotalCN	1	-0.372	0.323	50	2	STT9312.OSCHP
143	13	25588845	30720425	481	TotalCN	2	0.006	0.482	50	2	STT9312.OSCHP
144	13	30734645	33147888	259	TotalCN	1	-0.38	0.323	50	2	STT9312.OSCHP
145	13	33161459	33431045	19	TotalCN	0	-0.593	0.433	50	2	STT9312.OSCHP
146	13	33446616	115103150	6724	TotalCN	2	-0.009	0.482	50	2	STT9312.OSCHP
147	14	20219083	106481608	6606	TotalCN	2	0	0.483	50	2	STT9312.OSCHP
148	14	106484807	106572892	19	TotalCN	1	-0.524	NaN	50	2	STT9312.OSCHP
149	14	106576269	107282024	131	TotalCN	2	0.042	0.484	50	2	STT9312.OSCHP
150	15	20161372	47380977	1717	TotalCN	2	0.005	0.483	50	2	STT9312.OSCHP
151	15	47407214	90725467	3315	TotalCN	1	-0.362	0.329	50	2	STT9312.OSCHP
152	15	90732642	102397317	980	TotalCN	2	0.069	0.485	50	2	STT9312.OSCHP
153	16	83887	32137965	2412	TotalCN	2	0.033	0.481	50	2	STT9312.OSCHP
154	16	32529165	35271725	87	TotalCN	3	0.143	NaN	50	2	STT9312.OSCHP
155	16	46461309	90158005	3335	TotalCN	1	-0.33	0.328	50	2	STT9312.OSCHP
156	17	400959	28756149	2015	TotalCN	2	0.037	0.484	50	2	STT9312.OSCHP
157	17	28771097	30362444	167	TotalCN	1	-0.362	NaN	50	2	STT9312.OSCHP
158	17	30427995	80263427	4231	TotalCN	2	0.018	0.483	50	2	STT9312.OSCHP
159	18	12842	78007784	5595	TotalCN	2	-0.012	0.482	50	2	STT9312.OSCHP
160	19	247232	24544320	2120	TotalCN	2	0.038	0.483	50	2	STT9312.OSCHP
161	19	27754573	41333251	1138	TotalCN	1	-0.33	0.322	50	2	STT9312.OSCHP
162	19	41336795	41381214	18	TotalCN	0	-1.541	NaN	50	2	STT9312.OSCHP
163	19	41382714	45748244	510	TotalCN	1	-0.29	0.333	50	2	STT9312.OSCHP
164	19	45759344	45869925	19	TotalCN	2	-0.142	NaN	50	2	STT9312.OSCHP
165	19	45871606	59093239	1030	TotalCN	1	-0.299	0.338	50	2	STT9312.OSCHP
166	20	69094	62912463	5091	TotalCN	2	0.026	0.483	50	2	STT9312.OSCHP
167	21	9648315	48097610	2349	TotalCN	2	0.021	0.483	50	2	STT9312.OSCHP
168	22	16054713	31492517	1252	TotalCN	2	0.002	0.481	50	2	STT9312.OSCHP
169	22	31501788	31763825	28	TotalCN	1	-0.157	NaN	50	2	STT9312.OSCHP
170	22	31767303	34879980	221	TotalCN	2	0.045	0.484	50	2	STT9312.OSCHP
171	22	34890211	35135026	18	TotalCN	3	0.141	NaN	50	2	STT9312.OSCHP
172	22	35162495	51213826	1277	TotalCN	2	0.022	0.484	50	2	STT9312.OSCHP
173	24	177942	5936023	325	TotalCN	2	0.002	0.477	50	2	STT9312.OSCHP
174	24	5956784	6133812	18	TotalCN	3	0.164	NaN	50	2	STT9312.OSCHP
175	24	6149945	70499157	4785	TotalCN	2	-0.026	0.481	50	2	STT9312.OSCHP
176	24	70499244	70775702	25	TotalCN	1	-0.161	NaN	50	2	STT9312.OSCHP
177	24	70776730	155219364	6037	TotalCN	2	0.005	0.481	50	2	STT9312.OSCHP
178	25	2660163	28799935	614	TotalCN	0	-3.789	0.397	50	2	STT9312.OSCHP
1	1	754192	28133887	2363	LOH	1	-	-	50	2	STT9312.OSCHP
2	1	28160199	121350934	6722	LOH	0	-	-	50	2	STT9312.OSCHP
3	1	144009053	146523957	69	LOH	1	-	-	50	2	STT9312.OSCHP
4	1	146532726	147830492	154	LOH	0	-	-	50	2	STT9312.OSCHP
5	1	149044448	249212878	7779	LOH	0	-	-	50	2	STT9312.OSCHP
6	2	21494	62193438	4832	LOH	1	-	-	50	2	STT9312.OSCHP
7	2	62219538	71860893	495	LOH	0	-	-	50	2	STT9312.OSCHP
8	2	71871039	76121914	188	LOH	1	-	-	50	2	STT9312.OSCHP
9	2	76149631	90245035	732	LOH	0	-	-	50	2	STT9312.OSCHP
10	2	91866487	91866487	1	LOH	0	-	-	50	2	STT9312.OSCHP
11	2	95429197	102644461	652	LOH	1	-	-	50	2	STT9312.OSCHP
12	2	102662651	106136201	247	LOH	0	-	-	50	2	STT9312.OSCHP
13	2	106136911	112295288	360	LOH	1	-	-	50	2	STT9312.OSCHP
14	2	112373660	114148449	178	LOH	0	-	-	50	2	STT9312.OSCHP
15	2	114148961	155663723	3186	LOH	1	-	-	50	2	STT9312.OSCHP
16	2	155668460	243052331	6123	LOH	0	-	-	50	2	STT9312.OSCHP
17	3	63411	90473621	7267	LOH	0	-	-	50	2	STT9312.OSCHP
18	3	93517443	120329134	1923	LOH	0	-	-	50	2	STT9312.OSCHP
19	3	120342689	129961513	649	LOH	1	-	-	50	2	STT9312.OSCHP
20	3	129977006	197852564	5131	LOH	0	-	-	50	2	STT9312.OSCHP
21	4	71566	49092454	3083	LOH	0	-	-	50	2	STT9312.OSCHP
22	4	52684891	190915650	9184	LOH	0	-	-	50	2	STT9312.OSCHP
23	5	38139	37539504	2567	LOH	1	-	-	50	2	STT9312.OSCHP
24	5	37556926	46401271	664	LOH	0	-	-	50	2	STT9312.OSCHP
25	5	49441966	68828372	1383	LOH	0	-	-	50	2	STT9312.OSCHP
26	5	70306678	167810242	6740	LOH	0	-	-	50	2	STT9312.OSCHP
27	5	167826166	172655663	409	LOH	1	-	-	50	2	STT9312.OSCHP
28	5	172673319	180698312	572	LOH	0	-	-	50	2	STT9312.OSCHP
29	6	204909	58770502	3830	LOH	0	-	-	50	2	STT9312.OSCHP
30	6	61886393	170913051	7632	LOH	0	-	-	50	2	STT9312.OSCHP
31	7	41421	58011645	4475	LOH	0	-	-	50	2	STT9312.OSCHP
32	7	61064518	159118443	7442	LOH	0	-	-	50	2	STT9312.OSCHP
33	8	172417	7004147	1044	LOH	0	-	-	50	2	STT9312.OSCHP
34	8	8094763	22698209	1177	LOH	0	-	-	50	2	STT9312.OSCHP
35	8	22703333	25587629	239	LOH	1	-	-	50	2	STT9312.OSCHP
36	8	25602217	43751375	1395	LOH	0	-	-	50	2	STT9312.OSCHP
37	8	46896972	128637616	6645	LOH	0	-	-	50	2	STT9312.OSCHP
38	8	128651315	135143521	602	LOH	1	-	-	50	2	STT9312.OSCHP
39	8	135164566	146292734	815	LOH	0	-	-	50	2	STT9312.OSCHP
40	9	204738	39184065	3213	LOH	0	-	-	50	2	STT9312.OSCHP
41	9	44098813	44893094	4	LOH	0	-	-	50	2	STT9312.OSCHP
42	9	68170421	68170421	1	LOH	0	-	-	50	2	STT9312.OSCHP
43	9	70984372	141054761	5300	LOH	0	-	-	50	2	STT9312.OSCHP
44	10	126070	1508885	154	LOH	0	-	-	50	2	STT9312.OSCHP
45	10	1524715	4300320	201	LOH	1	-	-	50	2	STT9312.OSCHP
46	10	4309859	13194940	614	LOH	0	-	-	50	2	STT9312.OSCHP
47	10	13210175	39146676	1867	LOH	1	-	-	50	2	STT9312.OSCHP
48	10	42413322	53070556	640	LOH	1	-	-	50	2	STT9312.OSCHP
49	10	53070953	61060828	546	LOH	0	-	-	50	2	STT9312.OSCHP
50	10	61081424	64601435	267	LOH	1	-	-	50	2	STT9312.OSCHP
51	10	64611889	70161633	414	LOH	0	-	-	50	2	STT9312.OSCHP
52	10	70188369	75575963	398	LOH	1	-	-	50	2	STT9312.OSCHP
53	10	75604972	114318714	3094	LOH	0	-	-	50	2	STT9312.OSCHP
54	10	114342159	130790580	1177	LOH	1	-	-	50	2	STT9312.OSCHP
55	10	130800090	135434303	302	LOH	0	-	-	50	2	STT9312.OSCHP
56	11	192764	51575951	3654	LOH	0	-	-	50	2	STT9312.OSCHP
57	11	54795357	134938847	6209	LOH	0	-	-	50	2	STT9312.OSCHP
58	12	189400	34828211	2848	LOH	0	-	-	50	2	STT9312.OSCHP
59	12	37927248	133818115	7477	LOH	0	-	-	50	2	STT9312.OSCHP
60	13	19084823	30521992	917	LOH	0	-	-	50	2	STT9312.OSCHP
61	13	30543916	33802846	313	LOH	1	-	-	50	2	STT9312.OSCHP
62	13	33811252	115103150	6680	LOH	0	-	-	50	2	STT9312.OSCHP
63	14	20219083	107282024	6748	LOH	0	-	-	50	2	STT9312.OSCHP
64	15	20161372	20212798	6	LOH	0	-	-	50	2	STT9312.OSCHP
65	15	22752399	47380977	1703	LOH	0	-	-	50	2	STT9312.OSCHP
66	15	47407214	90809633	3304	LOH	1	-	-	50	2	STT9312.OSCHP
67	15	90832671	102397317	974	LOH	0	-	-	50	2	STT9312.OSCHP
68	16	83887	30131777	2244	LOH	0	-	-	50	2	STT9312.OSCHP
69	16	30142253	35271725	213	LOH	1	-	-	50	2	STT9312.OSCHP
70	16	46461309	90158005	3316	LOH	1	-	-	50	2	STT9312.OSCHP
71	17	400959	19465191	1532	LOH	0	-	-	50	2	STT9312.OSCHP
72	17	19473520	22217883	196	LOH	1	-	-	50	2	STT9312.OSCHP
73	17	25326941	37312896	948	LOH	1	-	-	50	2	STT9312.OSCHP
74	17	37318320	80263427	3678	LOH	0	-	-	50	2	STT9312.OSCHP
75	18	12842	15377471	1070	LOH	0	-	-	50	2	STT9312.OSCHP
76	18	18554307	78007784	4505	LOH	0	-	-	50	2	STT9312.OSCHP
77	19	247232	24544320	2106	LOH	0	-	-	50	2	STT9312.OSCHP
78	19	27754573	59093239	2665	LOH	1	-	-	50	2	STT9312.OSCHP
79	20	69094	26309255	2580	LOH	0	-	-	50	2	STT9312.OSCHP
80	20	29519156	62912463	2491	LOH	0	-	-	50	2	STT9312.OSCHP
81	21	9648315	10964139	8	LOH	0	-	-	50	2	STT9312.OSCHP
82	21	14344537	48097610	2335	LOH	0	-	-	50	2	STT9312.OSCHP
83	22	16054713	51213826	2714	LOH	0	-	-	50	2	STT9312.OSCHP
84	24	177942	58412929	4178	LOH	0	-	-	50	2	STT9312.OSCHP
85	24	61732394	73740360	1067	LOH	0	-	-	50	2	STT9312.OSCHP
86	24	73744337	77253062	219	LOH	1	-	-	50	2	STT9312.OSCHP
87	24	77260840	155219364	5546	LOH	0	-	-	50	2	STT9312.OSCHP
