SegmentID	Chromosome	StartPosition	StopPosition	MarkerCount	Type	State	Median Log2 Ratio	Median BAF	% Aberr. Cells	TuScan Ploidy	FileName
70	1	754192	1392271	42	TotalCN	1	-0.441	NaN	50	4	STT9356.OSCHP
71	1	1426478	19321462	1607	TotalCN	6	0.603	0.488	50	4	STT9356.OSCHP
72	1	19334057	19565175	18	TotalCN	5	0.655	NaN	50	4	STT9356.OSCHP
73	1	19651385	46547458	2269	TotalCN	6	0.633	0.488	50	4	STT9356.OSCHP
74	1	46550878	46592278	19	TotalCN	4	0.425	NaN	50	4	STT9356.OSCHP
75	1	46595329	155992253	6548	TotalCN	6	0.627	0.487	50	4	STT9356.OSCHP
76	1	155992787	156025013	19	TotalCN	4	0.536	NaN	50	4	STT9356.OSCHP
77	1	156026387	175093371	1581	TotalCN	6	0.671	0.488	50	4	STT9356.OSCHP
78	1	175094025	176849052	169	TotalCN	5	0.634	NaN	50	4	STT9356.OSCHP
79	1	176885306	186348678	719	TotalCN	6	0.674	0.49	50	4	STT9356.OSCHP
80	1	186354500	186595291	18	TotalCN	5	0.596	NaN	50	4	STT9356.OSCHP
81	1	186599018	194508852	602	TotalCN	6	0.638	0.489	50	4	STT9356.OSCHP
82	1	194519923	194753070	19	TotalCN	5	0.579	NaN	50	4	STT9356.OSCHP
83	1	194766579	249212878	4170	TotalCN	6	0.665	0.486	50	4	STT9356.OSCHP
84	2	21494	81059194	6242	TotalCN	4	0.317	0.355	50	4	STT9356.OSCHP
85	2	81095273	81331311	22	TotalCN	3	0.284	NaN	50	4	STT9356.OSCHP
86	2	81374858	99082359	738	TotalCN	4	0.341	0.354	50	4	STT9356.OSCHP
87	2	99082938	99226021	133	TotalCN	3	0.295	NaN	50	4	STT9356.OSCHP
88	2	99246687	140984124	2812	TotalCN	4	0.32	0.354	50	4	STT9356.OSCHP
89	2	140985066	141110677	120	TotalCN	3	0.194	NaN	50	4	STT9356.OSCHP
90	2	141111089	141671250	369	TotalCN	4	0.269	0.353	50	4	STT9356.OSCHP
91	2	141672150	141700133	22	TotalCN	3	0.359	NaN	50	4	STT9356.OSCHP
92	2	141700408	156446586	1240	TotalCN	4	0.301	0.352	50	4	STT9356.OSCHP
93	2	156471416	158556466	150	TotalCN	1	-0.209	NaN	50	4	STT9356.OSCHP
94	2	158606144	160058776	106	TotalCN	2	-0.138	0.479	50	4	STT9356.OSCHP
95	2	160074324	160861482	52	TotalCN	1	-0.285	NaN	50	4	STT9356.OSCHP
96	2	160861579	167264978	444	TotalCN	2	-0.152	0.484	50	4	STT9356.OSCHP
97	2	167266219	167738946	28	TotalCN	1	-0.219	NaN	50	4	STT9356.OSCHP
98	2	167758393	168103304	21	TotalCN	2	-0.114	NaN	50	4	STT9356.OSCHP
99	2	168105695	168326257	18	TotalCN	1	-0.186	NaN	50	4	STT9356.OSCHP
100	2	168340426	169284340	68	TotalCN	2	-0.176	0.483	50	4	STT9356.OSCHP
101	2	169299885	169652647	24	TotalCN	1	-0.186	NaN	50	4	STT9356.OSCHP
102	2	169654055	171320948	151	TotalCN	2	-0.142	0.484	50	4	STT9356.OSCHP
103	2	171329151	171412003	18	TotalCN	1	-0.201	NaN	50	4	STT9356.OSCHP
104	2	171416966	171670826	31	TotalCN	2	-0.162	0.486	50	4	STT9356.OSCHP
105	2	171684287	171990971	21	TotalCN	1	-0.282	NaN	50	4	STT9356.OSCHP
106	2	172008533	173399839	97	TotalCN	2	-0.15	0.485	50	4	STT9356.OSCHP
107	2	173404804	173488335	35	TotalCN	1	-0.22	NaN	50	4	STT9356.OSCHP
108	2	173493107	174574066	73	TotalCN	2	-0.107	0.481	50	4	STT9356.OSCHP
109	2	174601067	175240292	44	TotalCN	3	0.179	0.46	50	4	STT9356.OSCHP
110	2	175259065	243052331	5023	TotalCN	4	0.301	0.349	50	4	STT9356.OSCHP
111	3	63411	829036	86	TotalCN	6	0.575	0.483	50	4	STT9356.OSCHP
112	3	850922	1265726	29	TotalCN	3	0.266	0.422	50	4	STT9356.OSCHP
113	3	1274590	1953413	48	TotalCN	6	0.631	0.493	50	4	STT9356.OSCHP
114	3	1966019	3900591	132	TotalCN	4	0.369	0.35	50	4	STT9356.OSCHP
115	3	3925769	12299313	713	TotalCN	6	0.665	0.49	50	4	STT9356.OSCHP
116	3	12313846	12516501	37	TotalCN	5	0.588	NaN	50	4	STT9356.OSCHP
117	3	12519202	12704894	42	TotalCN	4	0.525	NaN	50	4	STT9356.OSCHP
118	3	12706097	18451858	402	TotalCN	6	0.656	0.487	50	4	STT9356.OSCHP
119	3	18466059	19197402	49	TotalCN	5	0.615	0.486	50	4	STT9356.OSCHP
120	3	19201050	21921111	205	TotalCN	6	0.632	0.488	50	4	STT9356.OSCHP
121	3	21925055	22188526	18	TotalCN	5	0.625	NaN	50	4	STT9356.OSCHP
122	3	22204563	61981567	3191	TotalCN	6	0.655	0.489	50	4	STT9356.OSCHP
123	3	61991787	62263116	19	TotalCN	5	0.605	NaN	50	4	STT9356.OSCHP
124	3	62281436	69903331	691	TotalCN	6	0.644	0.491	50	4	STT9356.OSCHP
125	3	69904286	69968813	88	TotalCN	5	0.579	NaN	50	4	STT9356.OSCHP
126	3	69971081	89955506	1539	TotalCN	6	0.641	0.489	50	4	STT9356.OSCHP
127	3	89977181	90473621	30	TotalCN	5	0.656	NaN	50	4	STT9356.OSCHP
128	3	93517443	120595986	1945	TotalCN	6	0.513	0.476	50	4	STT9356.OSCHP
129	3	120611990	121320486	46	TotalCN	4	0.508	NaN	50	4	STT9356.OSCHP
130	3	121335146	135351581	1032	TotalCN	6	0.518	0.475	50	4	STT9356.OSCHP
131	3	135373283	137124702	117	TotalCN	5	0.551	0.448	50	4	STT9356.OSCHP
132	3	137130343	143574901	500	TotalCN	6	0.518	0.477	50	4	STT9356.OSCHP
133	3	143585240	143899145	21	TotalCN	4	0.496	NaN	50	4	STT9356.OSCHP
134	3	143908518	153977253	683	TotalCN	6	0.573	0.474	50	4	STT9356.OSCHP
135	3	153990749	154272311	20	TotalCN	4	0.442	NaN	50	4	STT9356.OSCHP
136	3	154285372	167879908	948	TotalCN	5	0.51	0.469	50	4	STT9356.OSCHP
137	3	167888510	168145139	18	TotalCN	3	0.351	NaN	50	4	STT9356.OSCHP
138	3	168166186	175563633	548	TotalCN	6	0.511	0.48	50	4	STT9356.OSCHP
139	3	175581823	177633633	138	TotalCN	3	0.143	0.277	50	4	STT9356.OSCHP
140	3	177647728	186560782	679	TotalCN	5	0.504	0.462	50	4	STT9356.OSCHP
141	3	186571559	188989594	272	TotalCN	1	-0.201	NaN	50	4	STT9356.OSCHP
142	3	188996933	191956119	313	TotalCN	6	0.492	0.476	50	4	STT9356.OSCHP
143	3	191976775	193894366	129	TotalCN	2	0.115	0.283	50	4	STT9356.OSCHP
144	3	193911422	197852564	309	TotalCN	6	0.51	0.475	50	4	STT9356.OSCHP
145	4	69404	1032214	73	TotalCN	4	0.471	0.483	50	4	STT9356.OSCHP
146	4	1054159	2274235	117	TotalCN	6	0.621	0.484	50	4	STT9356.OSCHP
147	4	2289266	2587020	19	TotalCN	5	0.645	NaN	50	4	STT9356.OSCHP
148	4	2594978	3473066	50	TotalCN	6	0.573	0.495	50	4	STT9356.OSCHP
149	4	3496150	3825440	18	TotalCN	5	0.556	NaN	50	4	STT9356.OSCHP
150	4	3838686	5631766	112	TotalCN	6	0.582	0.49	50	4	STT9356.OSCHP
151	4	5655283	5911983	18	TotalCN	5	0.607	NaN	50	4	STT9356.OSCHP
152	4	5924758	9027066	180	TotalCN	6	0.607	0.485	50	4	STT9356.OSCHP
153	4	9053720	9909923	26	TotalCN	5	0.558	NaN	50	4	STT9356.OSCHP
154	4	9926613	16920269	463	TotalCN	6	0.631	0.487	50	4	STT9356.OSCHP
155	4	16924824	17458467	37	TotalCN	5	0.579	NaN	50	4	STT9356.OSCHP
156	4	17467715	21572845	282	TotalCN	6	0.623	0.486	50	4	STT9356.OSCHP
157	4	21613598	21852660	18	TotalCN	5	0.642	NaN	50	4	STT9356.OSCHP
158	4	21871986	25978960	289	TotalCN	6	0.618	0.487	50	4	STT9356.OSCHP
159	4	25995856	26275014	19	TotalCN	5	0.715	NaN	50	4	STT9356.OSCHP
160	4	26287821	30560475	287	TotalCN	6	0.65	0.486	50	4	STT9356.OSCHP
161	4	30584567	30854560	19	TotalCN	4	0.389	NaN	50	4	STT9356.OSCHP
162	4	30864486	35810857	326	TotalCN	6	0.599	0.488	50	4	STT9356.OSCHP
163	4	35819570	36086609	19	TotalCN	5	0.633	NaN	50	4	STT9356.OSCHP
164	4	36114675	41583074	377	TotalCN	6	0.614	0.489	50	4	STT9356.OSCHP
165	4	41607754	41751323	18	TotalCN	4	0.552	NaN	50	4	STT9356.OSCHP
166	4	41757879	45362520	283	TotalCN	6	0.628	0.488	50	4	STT9356.OSCHP
167	4	45374989	45646269	20	TotalCN	5	0.67	NaN	50	4	STT9356.OSCHP
168	4	45659865	55994210	589	TotalCN	6	0.637	0.488	50	4	STT9356.OSCHP
169	4	55998086	56140388	18	TotalCN	5	0.643	NaN	50	4	STT9356.OSCHP
170	4	56162059	56535070	26	TotalCN	4	0.502	NaN	50	4	STT9356.OSCHP
171	4	56548407	56941885	27	TotalCN	6	0.694	0.491	50	4	STT9356.OSCHP
172	4	56955556	57271109	22	TotalCN	4	0.479	NaN	50	4	STT9356.OSCHP
173	4	57282646	62803269	425	TotalCN	6	0.614	0.486	50	4	STT9356.OSCHP
174	4	62813029	62907023	20	TotalCN	4	0.495	NaN	50	4	STT9356.OSCHP
175	4	62911349	68811137	449	TotalCN	6	0.608	0.49	50	4	STT9356.OSCHP
176	4	68832435	69096810	19	TotalCN	5	0.625	NaN	50	4	STT9356.OSCHP
177	4	69125989	74039463	275	TotalCN	6	0.601	0.488	50	4	STT9356.OSCHP
178	4	74049074	74390516	22	TotalCN	4	0.438	NaN	50	4	STT9356.OSCHP
179	4	74402790	74888730	34	TotalCN	6	0.584	0.486	50	4	STT9356.OSCHP
180	4	74903134	75181247	19	TotalCN	4	0.513	NaN	50	4	STT9356.OSCHP
181	4	75198308	77192868	140	TotalCN	6	0.648	0.488	50	4	STT9356.OSCHP
182	4	77201487	77562958	25	TotalCN	5	0.648	NaN	50	4	STT9356.OSCHP
183	4	77574194	93633683	1180	TotalCN	6	0.615	0.487	50	4	STT9356.OSCHP
184	4	93653338	143174440	3588	TotalCN	4	0.276	0.354	50	4	STT9356.OSCHP
185	4	143180590	190915650	3439	TotalCN	3	0.242	0.359	50	4	STT9356.OSCHP
186	5	38139	7823576	559	TotalCN	6	0.65	0.49	50	4	STT9356.OSCHP
187	5	7838085	8139657	21	TotalCN	5	0.606	NaN	50	4	STT9356.OSCHP
188	5	8164750	8392780	18	TotalCN	4	0.528	NaN	50	4	STT9356.OSCHP
189	5	8411931	9420374	71	TotalCN	6	0.578	0.485	50	4	STT9356.OSCHP
190	5	9442007	9698629	19	TotalCN	4	0.537	NaN	50	4	STT9356.OSCHP
191	5	9715924	11953353	151	TotalCN	6	0.612	0.49	50	4	STT9356.OSCHP
192	5	11976340	12554265	38	TotalCN	5	0.652	NaN	50	4	STT9356.OSCHP
193	5	12572035	34024385	1460	TotalCN	6	0.622	0.487	50	4	STT9356.OSCHP
194	5	34030480	34392449	23	TotalCN	4	0.541	NaN	50	4	STT9356.OSCHP
195	5	34393693	36031035	112	TotalCN	6	0.715	0.491	50	4	STT9356.OSCHP
196	5	36052919	36336165	19	TotalCN	4	0.509	NaN	50	4	STT9356.OSCHP
197	5	36340366	42190597	463	TotalCN	6	0.588	0.49	50	4	STT9356.OSCHP
198	5	42194859	45846620	246	TotalCN	5	0.638	NaN	50	4	STT9356.OSCHP
199	5	45854627	46401271	36	TotalCN	4	0.546	NaN	50	4	STT9356.OSCHP
200	5	49441966	50162499	46	TotalCN	5	0.632	NaN	50	4	STT9356.OSCHP
201	5	50184778	56224339	430	TotalCN	6	0.603	0.487	50	4	STT9356.OSCHP
202	5	56238597	56511720	19	TotalCN	4	0.482	NaN	50	4	STT9356.OSCHP
203	5	56525201	62888809	456	TotalCN	6	0.582	0.487	50	4	STT9356.OSCHP
204	5	62900516	63131024	19	TotalCN	5	0.653	NaN	50	4	STT9356.OSCHP
205	5	63147022	66109638	200	TotalCN	6	0.582	0.489	50	4	STT9356.OSCHP
206	5	66121744	66403500	19	TotalCN	4	0.531	NaN	50	4	STT9356.OSCHP
207	5	66419434	82380874	980	TotalCN	6	0.571	0.487	50	4	STT9356.OSCHP
208	5	82393688	82803219	35	TotalCN	5	0.574	NaN	50	4	STT9356.OSCHP
209	5	82810714	94826655	826	TotalCN	6	0.555	0.488	50	4	STT9356.OSCHP
210	5	94843594	95102491	18	TotalCN	4	0.494	NaN	50	4	STT9356.OSCHP
211	5	95119408	98725123	242	TotalCN	6	0.552	0.488	50	4	STT9356.OSCHP
212	5	98773754	99024570	18	TotalCN	5	0.607	NaN	50	4	STT9356.OSCHP
213	5	99051046	99951394	60	TotalCN	4	0.477	NaN	50	4	STT9356.OSCHP
214	5	99968045	107727764	517	TotalCN	6	0.558	0.489	50	4	STT9356.OSCHP
215	5	107749584	108007755	18	TotalCN	5	0.644	NaN	50	4	STT9356.OSCHP
216	5	108016782	116744753	631	TotalCN	6	0.553	0.487	50	4	STT9356.OSCHP
217	5	116763563	117025985	18	TotalCN	4	0.528	NaN	50	4	STT9356.OSCHP
218	5	117050368	121447470	293	TotalCN	6	0.513	0.485	50	4	STT9356.OSCHP
219	5	121459476	121699067	18	TotalCN	4	0.511	NaN	50	4	STT9356.OSCHP
220	5	121702281	129623638	537	TotalCN	6	0.541	0.488	50	4	STT9356.OSCHP
221	5	129632863	129910365	18	TotalCN	4	0.501	NaN	50	4	STT9356.OSCHP
222	5	129925322	146938734	1249	TotalCN	6	0.56	0.486	50	4	STT9356.OSCHP
223	5	146956448	147222958	19	TotalCN	4	0.464	NaN	50	4	STT9356.OSCHP
224	5	147236546	149605994	212	TotalCN	6	0.562	0.481	50	4	STT9356.OSCHP
225	5	149611793	149790968	19	TotalCN	5	0.583	NaN	50	4	STT9356.OSCHP
226	5	149796011	152637000	195	TotalCN	6	0.55	0.486	50	4	STT9356.OSCHP
227	5	152655834	152934623	20	TotalCN	4	0.487	NaN	50	4	STT9356.OSCHP
228	5	152951592	161446882	573	TotalCN	6	0.557	0.485	50	4	STT9356.OSCHP
229	5	161453718	180698312	1419	TotalCN	4	0.215	0.327	50	4	STT9356.OSCHP
230	6	204909	15059299	1068	TotalCN	0	-0.983	NaN	50	4	STT9356.OSCHP
231	6	15066724	47670269	2633	TotalCN	1	-0.178	NaN	50	4	STT9356.OSCHP
232	6	47684591	51038424	226	TotalCN	2	-0.151	NaN	50	4	STT9356.OSCHP
233	6	51054909	57205823	473	TotalCN	1	-0.182	NaN	50	4	STT9356.OSCHP
234	6	57225631	58770502	94	TotalCN	5	0.588	NaN	50	4	STT9356.OSCHP
235	6	61886393	85972492	1707	TotalCN	6	0.623	0.487	50	4	STT9356.OSCHP
236	6	85997142	89893162	267	TotalCN	2	-0.147	NaN	50	4	STT9356.OSCHP
237	6	89903225	116731978	2075	TotalCN	1	-0.185	NaN	50	4	STT9356.OSCHP
238	6	116756667	170913051	4161	TotalCN	6	0.673	0.488	50	4	STT9356.OSCHP
239	7	41421	594431	66	TotalCN	3	0.202	0.344	50	4	STT9356.OSCHP
240	7	596136	58025423	4425	TotalCN	4	0.273	0.349	50	4	STT9356.OSCHP
241	7	61064518	64391546	128	TotalCN	6	0.594	0.485	50	4	STT9356.OSCHP
242	7	64416284	64777556	23	TotalCN	4	0.477	NaN	50	4	STT9356.OSCHP
243	7	64786318	83671980	1308	TotalCN	6	0.591	0.487	50	4	STT9356.OSCHP
244	7	83690195	83982186	22	TotalCN	4	0.547	NaN	50	4	STT9356.OSCHP
245	7	83994530	115215136	2361	TotalCN	6	0.605	0.488	50	4	STT9356.OSCHP
246	7	115249919	115468751	19	TotalCN	4	0.515	NaN	50	4	STT9356.OSCHP
247	7	115486226	122250933	627	TotalCN	6	0.57	0.487	50	4	STT9356.OSCHP
248	7	122301752	122590487	21	TotalCN	4	0.484	NaN	50	4	STT9356.OSCHP
249	7	122614719	126654389	357	TotalCN	6	0.597	0.485	50	4	STT9356.OSCHP
250	7	126658265	126742112	24	TotalCN	4	0.513	NaN	50	4	STT9356.OSCHP
251	7	126750322	134178291	578	TotalCN	6	0.57	0.488	50	4	STT9356.OSCHP
252	7	134193822	134529174	28	TotalCN	5	0.628	NaN	50	4	STT9356.OSCHP
253	7	134530381	138126534	261	TotalCN	6	0.604	0.489	50	4	STT9356.OSCHP
254	7	138136403	138223426	19	TotalCN	4	0.473	NaN	50	4	STT9356.OSCHP
255	7	138230820	140445764	239	TotalCN	6	0.58	0.485	50	4	STT9356.OSCHP
256	7	140446742	140772399	85	TotalCN	4	0.489	NaN	50	4	STT9356.OSCHP
257	7	140793121	148394595	540	TotalCN	6	0.568	0.485	50	4	STT9356.OSCHP
258	7	148423624	148529922	18	TotalCN	4	0.54	NaN	50	4	STT9356.OSCHP
259	7	148538622	151513282	251	TotalCN	6	0.566	0.491	50	4	STT9356.OSCHP
260	7	151516820	151660298	18	TotalCN	4	0.49	NaN	50	4	STT9356.OSCHP
261	7	151680072	159118443	557	TotalCN	6	0.594	0.491	50	4	STT9356.OSCHP
262	8	172417	39223656	3501	TotalCN	4	0.338	0.353	50	4	STT9356.OSCHP
263	8	39239834	39505826	19	TotalCN	0	-2.01	NaN	50	4	STT9356.OSCHP
264	8	39522613	113865970	5626	TotalCN	4	0.316	0.356	50	4	STT9356.OSCHP
265	8	113867117	114368598	195	TotalCN	3	0.213	NaN	50	4	STT9356.OSCHP
266	8	114371899	128747118	1252	TotalCN	4	0.32	0.355	50	4	STT9356.OSCHP
267	8	128747763	128760977	20	TotalCN	3	0.223	NaN	50	4	STT9356.OSCHP
268	8	128761102	146292734	1336	TotalCN	4	0.315	0.358	50	4	STT9356.OSCHP
269	9	204738	985569	54	TotalCN	1	-0.441	0.278	50	4	STT9356.OSCHP
270	9	1005131	8620238	759	TotalCN	3	0.134	0.244	50	4	STT9356.OSCHP
271	9	8625084	17336492	665	TotalCN	4	0.294	0.358	50	4	STT9356.OSCHP
272	9	17351711	21828110	380	TotalCN	1	-0.22	NaN	50	4	STT9356.OSCHP
273	9	21833659	21992223	87	TotalCN	3	0.154	NaN	50	4	STT9356.OSCHP
274	9	21992274	23371941	156	TotalCN	4	0.33	0.354	50	4	STT9356.OSCHP
275	9	23386738	25688248	154	TotalCN	1	-0.229	NaN	50	4	STT9356.OSCHP
276	9	25699648	131390472	5451	TotalCN	4	0.309	0.352	50	4	STT9356.OSCHP
277	9	131405284	131499967	19	TotalCN	3	0.204	NaN	50	4	STT9356.OSCHP
278	9	131515547	141054761	806	TotalCN	4	0.252	0.348	50	4	STT9356.OSCHP
279	10	126070	17707993	1315	TotalCN	6	0.59	0.488	50	4	STT9356.OSCHP
280	10	17734246	18240466	18	TotalCN	5	0.562	NaN	50	4	STT9356.OSCHP
281	10	18251607	22882032	346	TotalCN	6	0.567	0.489	50	4	STT9356.OSCHP
282	10	22885232	22996584	46	TotalCN	5	0.64	NaN	50	4	STT9356.OSCHP
283	10	23000517	30731411	554	TotalCN	6	0.582	0.485	50	4	STT9356.OSCHP
284	10	30733493	30861586	27	TotalCN	4	0.393	NaN	50	4	STT9356.OSCHP
285	10	30872949	31216278	24	TotalCN	5	0.635	NaN	50	4	STT9356.OSCHP
286	10	31232155	36171734	327	TotalCN	6	0.602	0.485	50	4	STT9356.OSCHP
287	10	36190019	36433748	19	TotalCN	5	0.558	NaN	50	4	STT9356.OSCHP
288	10	36461567	46967418	434	TotalCN	4	0.47	0.482	50	4	STT9356.OSCHP
289	10	46976245	47123182	28	TotalCN	5	0.711	NaN	50	4	STT9356.OSCHP
290	10	47126304	76521741	2034	TotalCN	4	0.417	0.474	50	4	STT9356.OSCHP
291	10	76537693	76721029	32	TotalCN	3	0.355	NaN	50	4	STT9356.OSCHP
292	10	76723959	88086522	940	TotalCN	4	0.449	0.478	50	4	STT9356.OSCHP
293	10	88112939	88672375	93	TotalCN	6	0.693	0.371	50	4	STT9356.OSCHP
294	10	88675181	96804978	711	TotalCN	4	0.391	0.477	50	4	STT9356.OSCHP
295	10	96828323	97171430	24	TotalCN	3	0.277	NaN	50	4	STT9356.OSCHP
296	10	97179841	104320029	513	TotalCN	4	0.432	0.475	50	4	STT9356.OSCHP
297	10	104325096	104477705	19	TotalCN	5	0.533	0.466	50	4	STT9356.OSCHP
298	10	104486974	135434303	2191	TotalCN	4	0.446	0.477	50	4	STT9356.OSCHP
299	11	192764	8552190	683	TotalCN	3	0.218	0.343	50	4	STT9356.OSCHP
300	11	8559072	8682465	18	TotalCN	2	-0.129	NaN	50	4	STT9356.OSCHP
301	11	8688016	55118135	2984	TotalCN	4	0.242	0.348	50	4	STT9356.OSCHP
302	11	55136219	69480191	1139	TotalCN	6	0.509	0.483	50	4	STT9356.OSCHP
303	11	69480584	69511723	47	TotalCN	5	0.597	NaN	50	4	STT9356.OSCHP
304	11	69511945	76904945	562	TotalCN	4	0.461	0.482	50	4	STT9356.OSCHP
305	11	76927211	77175552	40	TotalCN	5	0.567	NaN	50	4	STT9356.OSCHP
306	11	77183748	77594354	28	TotalCN	6	0.547	0.479	50	4	STT9356.OSCHP
307	11	77614770	78364970	73	TotalCN	4	0.446	NaN	50	4	STT9356.OSCHP
308	11	78385688	79529774	77	TotalCN	6	0.524	0.479	50	4	STT9356.OSCHP
309	11	79540133	79833287	20	TotalCN	4	0.464	NaN	50	4	STT9356.OSCHP
310	11	79834372	81201837	92	TotalCN	6	0.542	0.483	50	4	STT9356.OSCHP
311	11	81221497	83846493	176	TotalCN	8	0.958	0.375	50	4	STT9356.OSCHP
312	11	83864684	86438669	190	TotalCN	7	0.798	0.43	50	4	STT9356.OSCHP
313	11	86461180	87220603	51	TotalCN	6	0.689	0.477	50	4	STT9356.OSCHP
314	11	87224867	97963987	791	TotalCN	4	0.502	0.486	50	4	STT9356.OSCHP
315	11	97984374	98315884	23	TotalCN	5	0.578	NaN	50	4	STT9356.OSCHP
316	11	98329172	100917749	189	TotalCN	6	0.517	0.483	50	4	STT9356.OSCHP
317	11	100918371	117257876	1296	TotalCN	7	0.769	0.425	50	4	STT9356.OSCHP
318	11	117260075	119090238	192	TotalCN	6	0.564	0.48	50	4	STT9356.OSCHP
319	11	119092634	119142244	21	TotalCN	4	0.456	NaN	50	4	STT9356.OSCHP
320	11	119145274	125916052	545	TotalCN	6	0.53	0.482	50	4	STT9356.OSCHP
321	11	125934846	134938847	710	TotalCN	4	0.205	0.318	50	4	STT9356.OSCHP
322	12	189400	1269076	192	TotalCN	3	0.159	0.357	50	4	STT9356.OSCHP
323	12	1277602	1369263	19	TotalCN	2	0.103	NaN	50	4	STT9356.OSCHP
324	12	1371969	7986046	549	TotalCN	4	0.268	0.348	50	4	STT9356.OSCHP
325	12	8000460	8758810	46	TotalCN	3	0.195	NaN	50	4	STT9356.OSCHP
326	12	8780137	11787989	201	TotalCN	6	0.567	0.485	50	4	STT9356.OSCHP
327	12	11793675	11846366	22	TotalCN	4	0.466	NaN	50	4	STT9356.OSCHP
328	12	11848493	34260142	1783	TotalCN	6	0.564	0.486	50	4	STT9356.OSCHP
329	12	34287044	34828211	39	TotalCN	4	0.396	NaN	50	4	STT9356.OSCHP
330	12	37902988	38408155	28	TotalCN	3	0.246	NaN	50	4	STT9356.OSCHP
331	12	38411216	57105019	1505	TotalCN	4	0.415	0.484	50	4	STT9356.OSCHP
332	12	57106810	57252532	19	TotalCN	5	0.581	NaN	50	4	STT9356.OSCHP
333	12	57267095	58596615	289	TotalCN	4	0.443	0.487	50	4	STT9356.OSCHP
334	12	58599417	58871454	18	TotalCN	3	0.349	NaN	50	4	STT9356.OSCHP
335	12	58889616	91354830	2512	TotalCN	4	0.44	0.485	50	4	STT9356.OSCHP
336	12	91364607	91811308	30	TotalCN	7	0.91	NaN	50	4	STT9356.OSCHP
337	12	91825095	133818115	3093	TotalCN	4	0.468	0.485	50	4	STT9356.OSCHP
338	13	19084823	23129597	285	TotalCN	6	0.605	0.485	50	4	STT9356.OSCHP
339	13	23145500	30975286	664	TotalCN	10	1.125	0.356	50	4	STT9356.OSCHP
340	13	30995409	32906980	156	TotalCN	6	0.649	0.486	50	4	STT9356.OSCHP
341	13	32910430	32976234	67	TotalCN	5	0.582	NaN	50	4	STT9356.OSCHP
342	13	32977496	34125284	85	TotalCN	6	0.593	0.486	50	4	STT9356.OSCHP
343	13	34146638	37655553	237	TotalCN	9	1.088	0.357	50	4	STT9356.OSCHP
344	13	37679268	67385354	2348	TotalCN	1	-0.223	NaN	50	4	STT9356.OSCHP
345	13	67401022	114222206	4047	TotalCN	9	1.086	0.359	50	4	STT9356.OSCHP
346	13	114237276	115103150	45	TotalCN	5	0.612	NaN	50	4	STT9356.OSCHP
347	14	20219083	35643883	1238	TotalCN	6	0.649	0.285	50	4	STT9356.OSCHP
348	14	35661293	38019142	200	TotalCN	4	0.372	0.357	50	4	STT9356.OSCHP
349	14	38039969	38888730	53	TotalCN	1.5	-0.202	0.495	50	4	STT9356.OSCHP
350	14	38942443	57633824	1298	TotalCN	4	0.321	0.353	50	4	STT9356.OSCHP
351	14	57659190	62164922	310	TotalCN	2	-0.151	0.487	50	4	STT9356.OSCHP
352	14	62166084	62346221	37	TotalCN	1	-0.223	NaN	50	4	STT9356.OSCHP
353	14	62361902	64682646	161	TotalCN	2	-0.135	0.487	50	4	STT9356.OSCHP
354	14	64686207	64729300	19	TotalCN	1	-0.18	NaN	50	4	STT9356.OSCHP
355	14	64732057	64791013	18	TotalCN	2	-0.025	NaN	50	4	STT9356.OSCHP
356	14	64814311	65432602	61	TotalCN	1	-0.234	NaN	50	4	STT9356.OSCHP
357	14	65433331	66999273	123	TotalCN	2	-0.133	0.487	50	4	STT9356.OSCHP
358	14	67003873	67536019	107	TotalCN	1	-0.215	NaN	50	4	STT9356.OSCHP
359	14	67538948	74957153	637	TotalCN	2	-0.132	0.486	50	4	STT9356.OSCHP
360	14	74969268	75238261	19	TotalCN	1	-0.231	NaN	50	4	STT9356.OSCHP
361	14	75251440	102337101	1926	TotalCN	2	-0.124	0.486	50	4	STT9356.OSCHP
362	14	102360916	102544860	19	TotalCN	1	-0.178	NaN	50	4	STT9356.OSCHP
363	14	102548384	103825318	93	TotalCN	2	-0.094	0.483	50	4	STT9356.OSCHP
364	14	103844898	105153422	117	TotalCN	1	-0.303	NaN	50	4	STT9356.OSCHP
365	14	105176781	106522494	178	TotalCN	1.5	-0.205	0.484	50	4	STT9356.OSCHP
366	14	106526221	106619927	19	TotalCN	1	-0.524	NaN	50	4	STT9356.OSCHP
367	14	106623311	107282024	123	TotalCN	2	-0.118	0.483	50	4	STT9356.OSCHP
368	15	20161372	40960486	1242	TotalCN	4	0.337	0.355	50	4	STT9356.OSCHP
369	15	40962200	41546631	69	TotalCN	3	0.166	NaN	50	4	STT9356.OSCHP
370	15	41562030	44966389	234	TotalCN	4	0.294	0.357	50	4	STT9356.OSCHP
371	15	44983022	45278721	20	TotalCN	3	0.202	NaN	50	4	STT9356.OSCHP
372	15	45303327	67374111	1663	TotalCN	4	0.305	0.359	50	4	STT9356.OSCHP
373	15	67389161	67879418	33	TotalCN	3	0.253	NaN	50	4	STT9356.OSCHP
374	15	67892766	74329568	486	TotalCN	4	0.295	0.356	50	4	STT9356.OSCHP
375	15	74331083	74977829	54	TotalCN	3	0.316	NaN	50	4	STT9356.OSCHP
376	15	74983824	78896129	326	TotalCN	4	0.304	0.359	50	4	STT9356.OSCHP
377	15	78898723	78938567	18	TotalCN	3	0.249	NaN	50	4	STT9356.OSCHP
378	15	78938762	99248940	1541	TotalCN	4	0.345	0.359	50	4	STT9356.OSCHP
379	15	99252571	99298630	20	TotalCN	3	0.275	NaN	50	4	STT9356.OSCHP
380	15	99302582	102397317	306	TotalCN	4	0.352	0.361	50	4	STT9356.OSCHP
381	16	83887	6988411	599	TotalCN	1	-0.221	NaN	50	4	STT9356.OSCHP
382	16	6999231	17959884	882	TotalCN	2	-0.141	NaN	50	4	STT9356.OSCHP
383	16	17979467	30514723	817	TotalCN	1	-0.167	NaN	50	4	STT9356.OSCHP
384	16	30518096	34213445	137	TotalCN	2	-0.088	NaN	50	4	STT9356.OSCHP
385	16	34224384	35271725	64	TotalCN	5	0.617	NaN	50	4	STT9356.OSCHP
386	16	46461309	51172677	337	TotalCN	6	0.608	0.484	50	4	STT9356.OSCHP
387	16	51200531	90158005	2998	TotalCN	1	-0.27	NaN	50	4	STT9356.OSCHP
388	17	400959	680299	19	TotalCN	5	0.643	NaN	50	4	STT9356.OSCHP
389	17	685752	10324745	866	TotalCN	1	-0.178	NaN	50	4	STT9356.OSCHP
390	17	10344306	22217883	856	TotalCN	16	1.635	0.276	50	4	STT9356.OSCHP
391	17	25326941	65524570	3450	TotalCN	5	0.471	0.461	50	4	STT9356.OSCHP
392	17	65539872	72669112	491	TotalCN	6	0.725	0.368	50	4	STT9356.OSCHP
393	17	72692122	80263427	731	TotalCN	5	0.431	0.444	50	4	STT9356.OSCHP
394	18	12842	6073645	449	TotalCN	4	0.307	0.367	50	4	STT9356.OSCHP
395	18	6088172	6365614	18	TotalCN	3	0.32	NaN	50	4	STT9356.OSCHP
396	18	6384431	15377471	605	TotalCN	4	0.348	0.367	50	4	STT9356.OSCHP
397	18	18554307	19761798	81	TotalCN	3	0.194	NaN	50	4	STT9356.OSCHP
398	18	19778928	78007784	4442	TotalCN	4	0.325	0.366	50	4	STT9356.OSCHP
399	19	247232	10228015	932	TotalCN	6	0.563	0.485	50	4	STT9356.OSCHP
400	19	10230032	10313119	34	TotalCN	5	0.713	NaN	50	4	STT9356.OSCHP
401	19	10317064	13176815	237	TotalCN	6	0.616	0.484	50	4	STT9356.OSCHP
402	19	13179662	13276345	18	TotalCN	4	0.484	NaN	50	4	STT9356.OSCHP
403	19	13280998	16791443	292	TotalCN	6	0.592	0.483	50	4	STT9356.OSCHP
404	19	16797240	17030668	21	TotalCN	5	0.622	NaN	50	4	STT9356.OSCHP
405	19	17035898	33149768	987	TotalCN	6	0.646	0.489	50	4	STT9356.OSCHP
406	19	33163262	33432709	18	TotalCN	5	0.583	NaN	50	4	STT9356.OSCHP
407	19	33454535	33700078	50	TotalCN	4	0.541	NaN	50	4	STT9356.OSCHP
408	19	33714369	38229926	331	TotalCN	6	0.601	0.487	50	4	STT9356.OSCHP
409	19	38246774	38494504	18	TotalCN	4	0.416	NaN	50	4	STT9356.OSCHP
410	19	38514717	40788442	253	TotalCN	6	0.537	0.486	50	4	STT9356.OSCHP
411	19	40789231	41459241	99	TotalCN	4	0.475	0.478	50	4	STT9356.OSCHP
412	19	41469064	42960362	231	TotalCN	6	0.577	0.488	50	4	STT9356.OSCHP
413	19	42966009	43367712	24	TotalCN	5	0.607	NaN	50	4	STT9356.OSCHP
414	19	43417803	45365911	186	TotalCN	6	0.585	0.485	50	4	STT9356.OSCHP
415	19	45368531	45562871	43	TotalCN	4	0.477	NaN	50	4	STT9356.OSCHP
416	19	45569009	46774360	124	TotalCN	6	0.532	0.481	50	4	STT9356.OSCHP
417	19	46782577	47035325	18	TotalCN	5	0.643	NaN	50	4	STT9356.OSCHP
418	19	47051159	58774071	897	TotalCN	6	0.585	0.488	50	4	STT9356.OSCHP
419	19	58799781	59093239	22	TotalCN	4	0.503	NaN	50	4	STT9356.OSCHP
420	20	69094	9741876	756	TotalCN	6	0.65	0.488	50	4	STT9356.OSCHP
421	20	9746345	9791900	19	TotalCN	5	0.642	NaN	50	4	STT9356.OSCHP
422	20	9792582	13304445	247	TotalCN	6	0.665	0.491	50	4	STT9356.OSCHP
423	20	13324054	13618382	20	TotalCN	5	0.633	NaN	50	4	STT9356.OSCHP
424	20	13622006	14080412	69	TotalCN	6	0.607	0.488	50	4	STT9356.OSCHP
425	20	14083904	14217673	55	TotalCN	4	0.498	0.48	50	4	STT9356.OSCHP
426	20	14222535	14267699	19	TotalCN	5	0.638	NaN	50	4	STT9356.OSCHP
427	20	14270096	14568758	123	TotalCN	6	0.578	0.489	50	4	STT9356.OSCHP
428	20	14572425	14668243	38	TotalCN	5	0.612	NaN	50	4	STT9356.OSCHP
429	20	14670446	14764447	40	TotalCN	4	0.456	NaN	50	4	STT9356.OSCHP
430	20	14768374	14936935	69	TotalCN	6	0.607	0.488	50	4	STT9356.OSCHP
431	20	14939240	14985985	19	TotalCN	4	0.54	NaN	50	4	STT9356.OSCHP
432	20	14986458	15998826	433	TotalCN	6	0.599	0.489	50	4	STT9356.OSCHP
433	20	16000103	16030196	18	TotalCN	5	0.618	NaN	50	4	STT9356.OSCHP
434	20	16031257	26309255	673	TotalCN	6	0.662	0.488	50	4	STT9356.OSCHP
435	20	29519156	30440688	80	TotalCN	7	0.973	NaN	50	4	STT9356.OSCHP
436	20	30459439	62912463	2413	TotalCN	9	1.084	0.365	50	4	STT9356.OSCHP
437	21	9648315	17022209	140	TotalCN	4	0.265	0.35	50	4	STT9356.OSCHP
438	21	17041698	17296379	18	TotalCN	3	0.321	NaN	50	4	STT9356.OSCHP
439	21	17309934	24047696	446	TotalCN	4	0.27	0.356	50	4	STT9356.OSCHP
440	21	24071413	24590183	36	TotalCN	3	0.278	NaN	50	4	STT9356.OSCHP
441	21	24610900	45446589	1510	TotalCN	4	0.286	0.353	50	4	STT9356.OSCHP
442	21	45476546	45742822	18	TotalCN	2	0.019	NaN	50	4	STT9356.OSCHP
443	21	45756344	48097610	181	TotalCN	4	0.313	0.361	50	4	STT9356.OSCHP
444	22	16054713	51213826	2796	TotalCN	4	0.315	0.355	50	4	STT9356.OSCHP
445	24	177942	4690651	244	TotalCN	0	-0.888	NaN	50	4	STT9356.OSCHP
446	24	4712340	5688419	64	TotalCN	10	1.2	0.193	50	4	STT9356.OSCHP
447	24	5699090	42465377	2714	TotalCN	0	-0.928	NaN	50	4	STT9356.OSCHP
448	24	42483320	54141971	899	TotalCN	9	1.091	0.208	50	4	STT9356.OSCHP
449	24	54176189	56083761	165	TotalCN	6	0.842	NaN	50	4	STT9356.OSCHP
450	24	56092243	58470802	148	TotalCN	7	0.86	0.237	50	4	STT9356.OSCHP
451	24	61732394	62732675	62	TotalCN	9	1.124	0.209	50	4	STT9356.OSCHP
452	24	62781694	136924190	5604	TotalCN	0	-0.901	NaN	50	4	STT9356.OSCHP
453	24	136931651	155219364	1290	TotalCN	15	1.5	0.159	50	4	STT9356.OSCHP
454	25	2660163	28799935	614	TotalCN	0	-3.726	0.417	50	4	STT9356.OSCHP
1	1	754192	121350934	9085	LOH	0	-	-	50	4	STT9356.OSCHP
2	1	144009053	147830492	223	LOH	0	-	-	50	4	STT9356.OSCHP
3	1	149044448	249212878	7779	LOH	0	-	-	50	4	STT9356.OSCHP
4	2	21494	90245035	6247	LOH	0	-	-	50	4	STT9356.OSCHP
5	2	91866487	91866487	1	LOH	0	-	-	50	4	STT9356.OSCHP
6	2	95429197	243052331	10746	LOH	0	-	-	50	4	STT9356.OSCHP
7	3	63411	90473621	7267	LOH	0	-	-	50	4	STT9356.OSCHP
8	3	93517443	186458322	6660	LOH	0	-	-	50	4	STT9356.OSCHP
9	3	186464055	189020311	295	LOH	1	-	-	50	4	STT9356.OSCHP
10	3	189031635	197852564	748	LOH	0	-	-	50	4	STT9356.OSCHP
11	4	71566	49092454	3083	LOH	0	-	-	50	4	STT9356.OSCHP
12	4	52684891	190915650	9184	LOH	0	-	-	50	4	STT9356.OSCHP
13	5	38139	42519262	2972	LOH	0	-	-	50	4	STT9356.OSCHP
14	5	42523468	46401271	259	LOH	1	-	-	50	4	STT9356.OSCHP
15	5	49441966	68828372	1383	LOH	0	-	-	50	4	STT9356.OSCHP
16	5	70306678	180698312	7721	LOH	0	-	-	50	4	STT9356.OSCHP
17	6	204909	58770502	3830	LOH	1	-	-	50	4	STT9356.OSCHP
18	6	61886393	85847574	1194	LOH	0	-	-	50	4	STT9356.OSCHP
19	6	85868517	116787017	2287	LOH	1	-	-	50	4	STT9356.OSCHP
20	6	116796722	170913051	4151	LOH	0	-	-	50	4	STT9356.OSCHP
21	7	41421	58011645	4475	LOH	0	-	-	50	4	STT9356.OSCHP
22	7	61064518	159118443	7442	LOH	0	-	-	50	4	STT9356.OSCHP
23	8	172417	7004147	1044	LOH	0	-	-	50	4	STT9356.OSCHP
24	8	8094763	37635649	2290	LOH	0	-	-	50	4	STT9356.OSCHP
25	8	37651477	40417433	235	LOH	1	-	-	50	4	STT9356.OSCHP
26	8	40431991	43751375	286	LOH	0	-	-	50	4	STT9356.OSCHP
27	8	46896972	146292734	8062	LOH	0	-	-	50	4	STT9356.OSCHP
28	9	204738	6985602	507	LOH	1	-	-	50	4	STT9356.OSCHP
29	9	6999846	16696187	924	LOH	0	-	-	50	4	STT9356.OSCHP
30	9	16706557	22018343	541	LOH	1	-	-	50	4	STT9356.OSCHP
31	9	22018696	23142396	110	LOH	0	-	-	50	4	STT9356.OSCHP
32	9	23154239	26494995	223	LOH	1	-	-	50	4	STT9356.OSCHP
33	9	26511835	39184065	908	LOH	0	-	-	50	4	STT9356.OSCHP
34	9	44098813	44893094	4	LOH	0	-	-	50	4	STT9356.OSCHP
35	9	68170421	68170421	1	LOH	0	-	-	50	4	STT9356.OSCHP
36	9	70984372	141054761	5300	LOH	0	-	-	50	4	STT9356.OSCHP
37	10	126070	39146676	2836	LOH	0	-	-	50	4	STT9356.OSCHP
38	10	42413322	135434303	6838	LOH	0	-	-	50	4	STT9356.OSCHP
39	11	192764	51575951	3654	LOH	0	-	-	50	4	STT9356.OSCHP
40	11	54795357	134938847	6209	LOH	0	-	-	50	4	STT9356.OSCHP
41	12	189400	34828211	2848	LOH	0	-	-	50	4	STT9356.OSCHP
42	12	37927248	133818115	7477	LOH	0	-	-	50	4	STT9356.OSCHP
43	13	19084823	37524255	1480	LOH	0	-	-	50	4	STT9356.OSCHP
44	13	37541821	67401022	2344	LOH	1	-	-	50	4	STT9356.OSCHP
45	13	67405465	115103150	4086	LOH	0	-	-	50	4	STT9356.OSCHP
46	14	20219083	103362017	6281	LOH	0	-	-	50	4	STT9356.OSCHP
47	14	103381882	107282024	467	LOH	1	-	-	50	4	STT9356.OSCHP
48	15	20161372	20212798	6	LOH	0	-	-	50	4	STT9356.OSCHP
49	15	22752399	102397317	5981	LOH	0	-	-	50	4	STT9356.OSCHP
50	16	83887	35271725	2457	LOH	1	-	-	50	4	STT9356.OSCHP
51	16	46461309	51061406	324	LOH	0	-	-	50	4	STT9356.OSCHP
52	16	51068285	90158005	2992	LOH	1	-	-	50	4	STT9356.OSCHP
53	17	400959	10223714	874	LOH	1	-	-	50	4	STT9356.OSCHP
54	17	10234834	22217883	854	LOH	0	-	-	50	4	STT9356.OSCHP
55	17	25326941	80263427	4626	LOH	0	-	-	50	4	STT9356.OSCHP
56	18	12842	15377471	1070	LOH	0	-	-	50	4	STT9356.OSCHP
57	18	18554307	78007784	4505	LOH	0	-	-	50	4	STT9356.OSCHP
58	19	247232	24544320	2106	LOH	0	-	-	50	4	STT9356.OSCHP
59	19	27754573	59093239	2665	LOH	0	-	-	50	4	STT9356.OSCHP
60	20	69094	26309255	2580	LOH	0	-	-	50	4	STT9356.OSCHP
61	20	29519156	62912463	2491	LOH	0	-	-	50	4	STT9356.OSCHP
62	21	9648315	10964139	8	LOH	0	-	-	50	4	STT9356.OSCHP
63	21	14344537	48097610	2335	LOH	0	-	-	50	4	STT9356.OSCHP
64	22	16054713	51213826	2714	LOH	0	-	-	50	4	STT9356.OSCHP
65	24	177942	42834418	3037	LOH	1	-	-	50	4	STT9356.OSCHP
66	24	42848162	58412929	1141	LOH	0	-	-	50	4	STT9356.OSCHP
67	24	61732394	62474000	38	LOH	0	-	-	50	4	STT9356.OSCHP
68	24	62495212	137071222	5522	LOH	1	-	-	50	4	STT9356.OSCHP
69	24	137088138	155219364	1272	LOH	0	-	-	50	4	STT9356.OSCHP
