SegmentID	Chromosome	StartPosition	StopPosition	MarkerCount	Type	State	Median Log2 Ratio	Median BAF	% Aberr. Cells	TuScan Ploidy	FileName
75	1	754192	1499298	48	TotalCN	0	-0.727	NaN	45	1	STT9354.OSCHP
76	1	1500941	146762681	9785	TotalCN	2	0.038	0.483	45	1	STT9354.OSCHP
77	1	146767149	146866472	18	TotalCN	1	-0.259	NaN	45	1	STT9354.OSCHP
78	1	146872983	160152057	1083	TotalCN	2	0.047	0.481	45	1	STT9354.OSCHP
79	1	160162872	160458782	19	TotalCN	1	-0.156	NaN	45	1	STT9354.OSCHP
80	1	160472139	228603162	5210	TotalCN	2	0.033	0.484	45	1	STT9354.OSCHP
81	1	228612838	228788210	18	TotalCN	1	-0.328	NaN	45	1	STT9354.OSCHP
82	1	228791250	249212878	1619	TotalCN	2	0.025	0.484	45	1	STT9354.OSCHP
83	2	21494	156446586	11698	TotalCN	1	-0.281	0.354	45	1	STT9354.OSCHP
84	2	156471416	174775562	1350	TotalCN	0	-0.728	0.479	45	1	STT9354.OSCHP
85	2	174793940	243052331	5054	TotalCN	1	-0.293	0.352	45	1	STT9354.OSCHP
86	3	63411	1046038	100	TotalCN	1	-0.338	0.353	45	1	STT9354.OSCHP
87	3	1059654	1882539	58	TotalCN	2	-0.072	0.474	45	1	STT9354.OSCHP
88	3	1887768	3925769	138	TotalCN	1	-0.267	0.349	45	1	STT9354.OSCHP
89	3	3941431	12478817	746	TotalCN	2	0.041	0.486	45	1	STT9354.OSCHP
90	3	12484849	12635706	18	TotalCN	1	-0.172	NaN	45	1	STT9354.OSCHP
91	3	12639090	48715245	2701	TotalCN	2	0.019	0.483	45	1	STT9354.OSCHP
92	3	48719453	48926161	21	TotalCN	3	0.18	NaN	45	1	STT9354.OSCHP
93	3	48937761	83945083	3092	TotalCN	2	0.024	0.484	45	1	STT9354.OSCHP
94	3	83960557	84357849	27	TotalCN	1	-0.162	NaN	45	1	STT9354.OSCHP
95	3	84369997	88098636	228	TotalCN	2	-0.056	0.484	45	1	STT9354.OSCHP
96	3	88113443	88426546	22	TotalCN	1	-0.158	NaN	45	1	STT9354.OSCHP
97	3	88442421	106928347	1098	TotalCN	2	-0.026	0.481	45	1	STT9354.OSCHP
98	3	106946587	163240717	4073	TotalCN	1	-0.313	0.352	45	1	STT9354.OSCHP
99	3	163258818	175939204	900	TotalCN	2	-0.019	0.484	45	1	STT9354.OSCHP
100	3	175964684	177633633	113	TotalCN	1	-0.281	0.343	45	1	STT9354.OSCHP
101	3	177647728	186560782	679	TotalCN	2	-0.01	0.481	45	1	STT9354.OSCHP
102	3	186571559	188989594	272	TotalCN	0	-0.767	NaN	45	1	STT9354.OSCHP
103	3	188996933	191939237	312	TotalCN	2	-0.024	0.48	45	1	STT9354.OSCHP
104	3	191956119	193954754	134	TotalCN	1	-0.37	0.348	45	1	STT9354.OSCHP
105	3	193969806	197852564	305	TotalCN	2	-0.002	0.479	45	1	STT9354.OSCHP
106	4	69404	74101516	4943	TotalCN	2	-0.005	0.483	45	1	STT9354.OSCHP
107	4	74120167	74402790	20	TotalCN	1	-0.256	NaN	45	1	STT9354.OSCHP
108	4	74408562	89066715	1057	TotalCN	2	-0.021	0.483	45	1	STT9354.OSCHP
109	4	89094064	89870964	53	TotalCN	1	-0.311	0.433	45	1	STT9354.OSCHP
110	4	89885086	93633683	287	TotalCN	2	-0.052	0.479	45	1	STT9354.OSCHP
111	4	93653338	182816022	6438	TotalCN	1	-0.355	0.369	45	1	STT9354.OSCHP
112	4	182834128	183498237	45	TotalCN	0	-0.577	0.455	45	1	STT9354.OSCHP
113	4	183503028	190915650	544	TotalCN	1	-0.344	0.368	45	1	STT9354.OSCHP
114	5	38139	38955796	2684	TotalCN	2	0.018	0.484	45	1	STT9354.OSCHP
115	5	38958031	39064700	44	TotalCN	1	-0.173	NaN	45	1	STT9354.OSCHP
116	5	39067939	45614225	457	TotalCN	2	-0.005	0.485	45	1	STT9354.OSCHP
117	5	45630889	45893362	18	TotalCN	1	-0.196	NaN	45	1	STT9354.OSCHP
118	5	45895885	46401271	33	TotalCN	3	0.192	NaN	45	1	STT9354.OSCHP
119	5	49441966	107437025	3865	TotalCN	2	0.009	0.482	45	1	STT9354.OSCHP
120	5	107442047	180698312	5259	TotalCN	1	-0.283	0.352	45	1	STT9354.OSCHP
121	6	204909	57189484	4399	TotalCN	0	-0.839	NaN	45	1	STT9354.OSCHP
122	6	57205823	85972492	1802	TotalCN	2	0.009	0.481	45	1	STT9354.OSCHP
123	6	85997142	116731978	2342	TotalCN	0	-0.746	NaN	45	1	STT9354.OSCHP
124	6	116756667	170913051	4161	TotalCN	2	0.048	0.484	45	1	STT9354.OSCHP
125	7	41421	32629401	2462	TotalCN	1	-0.285	0.351	45	1	STT9354.OSCHP
126	7	32634796	34101225	97	TotalCN	0	-0.705	0.481	45	1	STT9354.OSCHP
127	7	34126782	58025423	1932	TotalCN	1	-0.322	0.363	45	1	STT9354.OSCHP
128	7	61064518	74066165	810	TotalCN	2	-0.039	0.48	45	1	STT9354.OSCHP
129	7	74073354	75181645	24	TotalCN	1	-0.151	NaN	45	1	STT9354.OSCHP
130	7	75182802	157650340	6546	TotalCN	2	-0.025	0.483	45	1	STT9354.OSCHP
131	7	157682840	159118443	104	TotalCN	1	-0.327	0.333	45	1	STT9354.OSCHP
132	8	172417	39217074	3500	TotalCN	1	-0.287	0.353	45	1	STT9354.OSCHP
133	8	39223656	39480366	18	TotalCN	0	-1.595	NaN	45	1	STT9354.OSCHP
134	8	39502217	146292734	8431	TotalCN	1	-0.291	0.355	45	1	STT9354.OSCHP
135	9	204738	7146888	519	TotalCN	0	-0.795	NaN	45	1	STT9354.OSCHP
136	9	7154294	17229028	952	TotalCN	1	-0.315	0.352	45	1	STT9354.OSCHP
137	9	17247143	21828110	387	TotalCN	0	-0.78	NaN	45	1	STT9354.OSCHP
138	9	21833659	23349982	242	TotalCN	1	-0.303	0.334	45	1	STT9354.OSCHP
139	9	23371941	25919851	171	TotalCN	0	-0.82	NaN	45	1	STT9354.OSCHP
140	9	25934932	106574832	3610	TotalCN	1	-0.277	0.352	45	1	STT9354.OSCHP
141	9	106590181	109344059	194	TotalCN	2	0.024	0.284	45	1	STT9354.OSCHP
142	9	109344987	141054761	2456	TotalCN	1	-0.292	0.354	45	1	STT9354.OSCHP
143	10	126070	135434303	9695	TotalCN	1	-0.276	0.352	45	1	STT9354.OSCHP
144	11	192764	9328743	744	TotalCN	1	-0.289	0.354	45	1	STT9354.OSCHP
145	11	9343732	32919345	1668	TotalCN	0	-0.695	0.484	45	1	STT9354.OSCHP
146	11	32933111	33190364	18	TotalCN	1	-0.494	NaN	45	1	STT9354.OSCHP
147	11	33216067	49285686	1116	TotalCN	0	-0.692	0.483	45	1	STT9354.OSCHP
148	11	49304358	49855698	37	TotalCN	1	-0.396	0.346	45	1	STT9354.OSCHP
149	11	49860463	51196206	57	TotalCN	0	-0.549	0.477	45	1	STT9354.OSCHP
150	11	51198718	63622360	624	TotalCN	2	0.003	0.485	45	1	STT9354.OSCHP
151	11	63636476	63787111	28	TotalCN	1	-0.167	NaN	45	1	STT9354.OSCHP
152	11	63795222	81157235	1468	TotalCN	2	-0.021	0.484	45	1	STT9354.OSCHP
153	11	81181527	83943499	185	TotalCN	4	0.394	0.371	45	1	STT9354.OSCHP
154	11	83952285	86372256	179	TotalCN	3	0.227	0.41	45	1	STT9354.OSCHP
155	11	86387651	86684705	21	TotalCN	4	0.442	0.46	45	1	STT9354.OSCHP
156	11	86701200	100969545	1059	TotalCN	2	-0.012	0.48	45	1	STT9354.OSCHP
157	11	100974033	117361861	1282	TotalCN	3	0.233	0.416	45	1	STT9354.OSCHP
158	11	117371563	125916052	751	TotalCN	2	0.011	0.482	45	1	STT9354.OSCHP
159	11	125934846	134938847	710	TotalCN	1	-0.28	0.354	45	1	STT9354.OSCHP
160	12	189400	8605262	795	TotalCN	0	-0.728	0.481	45	1	STT9354.OSCHP
161	12	8609795	34828211	2056	TotalCN	1	-0.293	0.353	45	1	STT9354.OSCHP
162	12	37902988	38478951	34	TotalCN	2	-0.121	NaN	45	1	STT9354.OSCHP
163	12	38500091	133818115	7460	TotalCN	1	-0.296	0.355	45	1	STT9354.OSCHP
164	13	19084823	23434866	304	TotalCN	2	0.018	0.479	45	1	STT9354.OSCHP
165	13	23449055	30995409	646	TotalCN	3	0.281	0.413	45	1	STT9354.OSCHP
166	13	31012904	34216530	313	TotalCN	1	-0.238	0.358	45	1	STT9354.OSCHP
167	13	34234642	37655553	231	TotalCN	2	0.078	0.482	45	1	STT9354.OSCHP
168	13	37679268	67385354	2348	TotalCN	0	-0.755	NaN	45	1	STT9354.OSCHP
169	13	67401022	71851087	303	TotalCN	2	-0.017	0.482	45	1	STT9354.OSCHP
170	13	71867533	115103150	3789	TotalCN	3	0.245	0.416	45	1	STT9354.OSCHP
171	14	20219083	35579927	1233	TotalCN	2	0.002	0.281	45	1	STT9354.OSCHP
172	14	35596092	38019142	205	TotalCN	1	-0.255	0.353	45	1	STT9354.OSCHP
173	14	38039969	38942443	54	TotalCN	0	-0.808	NaN	45	1	STT9354.OSCHP
174	14	38959413	57783398	1307	TotalCN	1	-0.305	0.35	45	1	STT9354.OSCHP
175	14	57804185	107282024	3957	TotalCN	0	-0.723	0.484	45	1	STT9354.OSCHP
176	15	20161372	102397317	6012	TotalCN	0	-0.701	NaN	45	1	STT9354.OSCHP
177	16	83887	34213445	2435	TotalCN	0	-0.712	NaN	45	1	STT9354.OSCHP
178	16	34224384	51130656	398	TotalCN	2	0.041	0.481	45	1	STT9354.OSCHP
179	16	51142980	60163200	613	TotalCN	0	-0.743	NaN	45	1	STT9354.OSCHP
180	16	60188277	83250824	1805	TotalCN	1	-0.345	NaN	45	1	STT9354.OSCHP
181	16	83259253	84274974	68	TotalCN	0	-0.799	NaN	45	1	STT9354.OSCHP
182	16	84292635	84643693	23	TotalCN	1	-0.317	NaN	45	1	STT9354.OSCHP
183	16	84654935	90158005	492	TotalCN	0	-1.436	NaN	45	1	STT9354.OSCHP
184	17	400959	685752	20	TotalCN	2	-0.044	NaN	45	1	STT9354.OSCHP
185	17	705233	10344306	866	TotalCN	0	-0.752	NaN	45	1	STT9354.OSCHP
186	17	10355763	22217883	855	TotalCN	5	0.648	0.328	45	1	STT9354.OSCHP
187	17	25326941	65594438	3454	TotalCN	2	0.038	0.481	45	1	STT9354.OSCHP
188	17	65599532	72702914	489	TotalCN	3	0.266	0.424	45	1	STT9354.OSCHP
189	17	72718660	80263427	729	TotalCN	2	0.017	0.484	45	1	STT9354.OSCHP
190	18	12842	3817703	298	TotalCN	2	-0.007	0.488	45	1	STT9354.OSCHP
191	18	3832168	5108877	90	TotalCN	3	0.184	0.441	45	1	STT9354.OSCHP
192	18	5118462	12414326	503	TotalCN	2	0.071	0.482	45	1	STT9354.OSCHP
193	18	12435098	12694379	19	TotalCN	3	0.153	NaN	45	1	STT9354.OSCHP
194	18	12705463	60622719	3434	TotalCN	2	0.02	0.483	45	1	STT9354.OSCHP
195	18	60625858	63314987	248	TotalCN	3	0.288	0.407	45	1	STT9354.OSCHP
196	18	63332281	65103569	119	TotalCN	2	0.009	0.458	45	1	STT9354.OSCHP
197	18	65121178	78007784	884	TotalCN	1	-0.313	0.36	45	1	STT9354.OSCHP
198	19	247232	13913706	1268	TotalCN	2	-0.035	0.486	45	1	STT9354.OSCHP
199	19	13918141	14030689	22	TotalCN	1	-0.151	NaN	45	1	STT9354.OSCHP
200	19	14038102	21164399	611	TotalCN	2	0.002	0.485	45	1	STT9354.OSCHP
201	19	21178242	21477403	21	TotalCN	1	-0.168	NaN	45	1	STT9354.OSCHP
202	19	21495804	34117092	727	TotalCN	2	0.002	0.484	45	1	STT9354.OSCHP
203	19	34136657	59093239	2186	TotalCN	1	-0.329	0.355	45	1	STT9354.OSCHP
204	20	69094	5845855	425	TotalCN	2	0.045	0.483	45	1	STT9354.OSCHP
205	20	5874229	7110840	78	TotalCN	3	0.193	0.442	45	1	STT9354.OSCHP
206	20	7129677	23884597	1947	TotalCN	2	0.016	0.482	45	1	STT9354.OSCHP
207	20	23908856	24973897	72	TotalCN	3	0.331	0.432	45	1	STT9354.OSCHP
208	20	24994289	26309255	76	TotalCN	2	0.034	0.485	45	1	STT9354.OSCHP
209	20	29519156	34174092	355	TotalCN	3	0.236	0.414	45	1	STT9354.OSCHP
210	20	34191629	62912463	2138	TotalCN	2	0.039	0.482	45	1	STT9354.OSCHP
211	21	9648315	48097610	2349	TotalCN	1	-0.269	0.354	45	1	STT9354.OSCHP
212	22	16054713	51213826	2796	TotalCN	1	-0.253	0.35	45	1	STT9354.OSCHP
213	24	177942	4690651	244	TotalCN	0	-1.444	NaN	45	1	STT9354.OSCHP
214	24	4712340	5688419	64	TotalCN	5	0.639	0.164	45	1	STT9354.OSCHP
215	24	5699090	42465377	2714	TotalCN	0	-1.454	NaN	45	1	STT9354.OSCHP
216	24	42483320	54526800	923	TotalCN	5	0.718	0.17	45	1	STT9354.OSCHP
217	24	54559663	58470802	289	TotalCN	4	0.521	0.171	45	1	STT9354.OSCHP
218	24	61732394	62732675	62	TotalCN	5	0.649	0.173	45	1	STT9354.OSCHP
219	24	62781694	136924190	5604	TotalCN	0	-1.443	NaN	45	1	STT9354.OSCHP
220	24	136931651	144711725	526	TotalCN	5	0.608	0.187	45	1	STT9354.OSCHP
221	24	144726413	146679744	135	TotalCN	3	0.278	0.239	45	1	STT9354.OSCHP
222	24	146696051	155219364	629	TotalCN	4	0.558	0.192	45	1	STT9354.OSCHP
223	25	2660163	28799935	614	TotalCN	0	-3.718	0.343	45	1	STT9354.OSCHP
1	1	754192	121350934	9085	LOH	0	-	-	45	1	STT9354.OSCHP
2	1	144009053	147830492	223	LOH	0	-	-	45	1	STT9354.OSCHP
3	1	149044448	173625710	2007	LOH	0	-	-	45	1	STT9354.OSCHP
4	1	173641827	176723977	268	LOH	1	-	-	45	1	STT9354.OSCHP
5	1	176738253	249212878	5504	LOH	0	-	-	45	1	STT9354.OSCHP
6	2	21494	90245035	6247	LOH	1	-	-	45	1	STT9354.OSCHP
7	2	91866487	91866487	1	LOH	0	-	-	45	1	STT9354.OSCHP
8	2	95429197	243052331	10746	LOH	1	-	-	45	1	STT9354.OSCHP
9	3	63411	3943186	297	LOH	1	-	-	45	1	STT9354.OSCHP
10	3	3960462	90473621	6970	LOH	0	-	-	45	1	STT9354.OSCHP
11	3	93517443	106288013	884	LOH	0	-	-	45	1	STT9354.OSCHP
12	3	106299324	163791884	4144	LOH	1	-	-	45	1	STT9354.OSCHP
13	3	163810778	186119965	1610	LOH	0	-	-	45	1	STT9354.OSCHP
14	3	186142381	189405454	364	LOH	1	-	-	45	1	STT9354.OSCHP
15	3	189409196	191683755	245	LOH	0	-	-	45	1	STT9354.OSCHP
16	3	191699540	194269191	169	LOH	1	-	-	45	1	STT9354.OSCHP
17	3	194284931	197852564	287	LOH	0	-	-	45	1	STT9354.OSCHP
18	4	71566	49092454	3083	LOH	0	-	-	45	1	STT9354.OSCHP
19	4	52684891	91964669	2924	LOH	0	-	-	45	1	STT9354.OSCHP
20	4	91982033	190915650	6260	LOH	1	-	-	45	1	STT9354.OSCHP
21	5	38139	42519262	2972	LOH	0	-	-	45	1	STT9354.OSCHP
22	5	42523468	46401271	259	LOH	1	-	-	45	1	STT9354.OSCHP
23	5	49441966	68828372	1383	LOH	0	-	-	45	1	STT9354.OSCHP
24	5	70306678	107402938	2472	LOH	0	-	-	45	1	STT9354.OSCHP
25	5	107437025	180698312	5249	LOH	1	-	-	45	1	STT9354.OSCHP
26	6	204909	58770502	3830	LOH	1	-	-	45	1	STT9354.OSCHP
27	6	61886393	85448103	1174	LOH	0	-	-	45	1	STT9354.OSCHP
28	6	85524737	117312545	2342	LOH	1	-	-	45	1	STT9354.OSCHP
29	6	117316825	170913051	4116	LOH	0	-	-	45	1	STT9354.OSCHP
30	7	41421	58011645	4475	LOH	1	-	-	45	1	STT9354.OSCHP
31	7	61064518	159118443	7442	LOH	0	-	-	45	1	STT9354.OSCHP
32	8	172417	7004147	1044	LOH	1	-	-	45	1	STT9354.OSCHP
33	8	8094763	43751375	2811	LOH	1	-	-	45	1	STT9354.OSCHP
34	8	46896972	146292734	8062	LOH	1	-	-	45	1	STT9354.OSCHP
35	9	204738	39184065	3213	LOH	1	-	-	45	1	STT9354.OSCHP
36	9	44098813	44893094	4	LOH	0	-	-	45	1	STT9354.OSCHP
37	9	68170421	68170421	1	LOH	0	-	-	45	1	STT9354.OSCHP
38	9	70984372	141054761	5300	LOH	1	-	-	45	1	STT9354.OSCHP
39	10	126070	39146676	2836	LOH	1	-	-	45	1	STT9354.OSCHP
40	10	42413322	135434303	6838	LOH	1	-	-	45	1	STT9354.OSCHP
41	11	192764	51575951	3654	LOH	1	-	-	45	1	STT9354.OSCHP
42	11	54795357	125747617	5488	LOH	0	-	-	45	1	STT9354.OSCHP
43	11	125766044	134938847	721	LOH	1	-	-	45	1	STT9354.OSCHP
44	12	189400	34828211	2848	LOH	1	-	-	45	1	STT9354.OSCHP
45	12	37927248	133818115	7477	LOH	1	-	-	45	1	STT9354.OSCHP
46	13	19084823	30747950	932	LOH	0	-	-	45	1	STT9354.OSCHP
47	13	30769250	34271205	329	LOH	1	-	-	45	1	STT9354.OSCHP
48	13	34285848	37315031	205	LOH	0	-	-	45	1	STT9354.OSCHP
49	13	37329353	67986653	2400	LOH	1	-	-	45	1	STT9354.OSCHP
50	13	68006238	115103150	4044	LOH	0	-	-	45	1	STT9354.OSCHP
51	14	20219083	107282024	6748	LOH	1	-	-	45	1	STT9354.OSCHP
52	15	20161372	20212798	6	LOH	0	-	-	45	1	STT9354.OSCHP
53	15	22752399	102397317	5981	LOH	1	-	-	45	1	STT9354.OSCHP
54	16	83887	35271725	2457	LOH	1	-	-	45	1	STT9354.OSCHP
55	16	46461309	50767647	294	LOH	0	-	-	45	1	STT9354.OSCHP
56	16	50775715	90158005	3022	LOH	1	-	-	45	1	STT9354.OSCHP
57	17	400959	10689786	905	LOH	1	-	-	45	1	STT9354.OSCHP
58	17	10707241	22217883	823	LOH	0	-	-	45	1	STT9354.OSCHP
59	17	25326941	80263427	4626	LOH	0	-	-	45	1	STT9354.OSCHP
60	18	12842	15377471	1070	LOH	0	-	-	45	1	STT9354.OSCHP
61	18	18554307	64850915	3604	LOH	0	-	-	45	1	STT9354.OSCHP
62	18	64867977	78007784	901	LOH	1	-	-	45	1	STT9354.OSCHP
63	19	247232	24544320	2106	LOH	0	-	-	45	1	STT9354.OSCHP
64	19	27754573	33782911	484	LOH	0	-	-	45	1	STT9354.OSCHP
65	19	33785141	59093239	2181	LOH	1	-	-	45	1	STT9354.OSCHP
66	20	69094	26309255	2580	LOH	0	-	-	45	1	STT9354.OSCHP
67	20	29519156	62912463	2491	LOH	0	-	-	45	1	STT9354.OSCHP
68	21	9648315	10964139	8	LOH	0	-	-	45	1	STT9354.OSCHP
69	21	14344537	48097610	2335	LOH	1	-	-	45	1	STT9354.OSCHP
70	22	16054713	51213826	2714	LOH	1	-	-	45	1	STT9354.OSCHP
71	24	177942	43678042	3098	LOH	1	-	-	45	1	STT9354.OSCHP
72	24	43688964	58412929	1080	LOH	0	-	-	45	1	STT9354.OSCHP
73	24	61732394	137755356	5610	LOH	1	-	-	45	1	STT9354.OSCHP
74	24	137783145	155219364	1222	LOH	0	-	-	45	1	STT9354.OSCHP
