SegmentID	Chromosome	StartPosition	StopPosition	MarkerCount	Type	State	Median Log2 Ratio	Median BAF	% Aberr. Cells	TuScan Ploidy	FileName
83	1	754192	1392271	42	TotalCN	0	-0.939	NaN	50	1	STT9355.OSCHP
84	1	1426478	121350934	9671	TotalCN	2	0.026	0.483	50	1	STT9355.OSCHP
85	1	144009053	146872983	139	TotalCN	2.5	0.16	0.448	50	1	STT9355.OSCHP
86	1	146887062	162703682	1302	TotalCN	3	0.289	0.42	50	1	STT9355.OSCHP
87	1	162723162	163309633	38	TotalCN	4	0.382	0.477	50	1	STT9355.OSCHP
88	1	163322033	214204115	3842	TotalCN	3	0.291	0.42	50	1	STT9355.OSCHP
89	1	214216946	216039967	138	TotalCN	4	0.29	0.474	50	1	STT9355.OSCHP
90	1	216042727	235392546	1517	TotalCN	3	0.297	0.417	50	1	STT9355.OSCHP
91	1	235422177	249212878	1111	TotalCN	1	-0.289	0.356	50	1	STT9355.OSCHP
92	2	21494	3481098	231	TotalCN	0	-0.676	0.483	50	1	STT9355.OSCHP
93	2	3484443	10167212	469	TotalCN	1	-0.257	0.357	50	1	STT9355.OSCHP
94	2	10194192	20404903	837	TotalCN	2	-0.019	0.295	50	1	STT9355.OSCHP
95	2	20428840	31765510	1024	TotalCN	1	-0.259	0.347	50	1	STT9355.OSCHP
96	2	31782280	91866487	4220	TotalCN	2	-0.015	0.291	50	1	STT9355.OSCHP
97	2	95429197	107706102	1011	TotalCN	1	-0.273	0.359	50	1	STT9355.OSCHP
98	2	107714710	112627223	271	TotalCN	2	-0.033	0.477	50	1	STT9355.OSCHP
99	2	112641854	156290803	3625	TotalCN	1	-0.283	0.355	50	1	STT9355.OSCHP
100	2	156314691	175240292	1391	TotalCN	0	-0.748	0.48	50	1	STT9355.OSCHP
101	2	175259065	243052331	5023	TotalCN	1	-0.31	0.351	50	1	STT9355.OSCHP
102	3	63411	972396	96	TotalCN	2	-0.036	0.477	50	1	STT9355.OSCHP
103	3	998513	1265726	19	TotalCN	1	-0.321	NaN	50	1	STT9355.OSCHP
104	3	1274590	1953413	48	TotalCN	2	0.082	0.487	50	1	STT9355.OSCHP
105	3	1966019	3925769	133	TotalCN	1	-0.261	0.342	50	1	STT9355.OSCHP
106	3	3941431	88098636	6833	TotalCN	2	0.028	0.483	50	1	STT9355.OSCHP
107	3	88113443	88442421	23	TotalCN	1	-0.231	NaN	50	1	STT9355.OSCHP
108	3	88466055	156795525	4712	TotalCN	2	-0.025	0.482	50	1	STT9355.OSCHP
109	3	156817128	156907121	19	TotalCN	1	-0.219	NaN	50	1	STT9355.OSCHP
110	3	156915581	162719684	404	TotalCN	2	-0.024	0.477	50	1	STT9355.OSCHP
111	3	162726432	163053028	23	TotalCN	3	0.199	NaN	50	1	STT9355.OSCHP
112	3	163076697	175599404	889	TotalCN	2	-0.015	0.482	50	1	STT9355.OSCHP
113	3	175606759	177633633	136	TotalCN	1	-0.381	0.324	50	1	STT9355.OSCHP
114	3	177647728	183098648	429	TotalCN	2	-0.023	0.479	50	1	STT9355.OSCHP
115	3	183109003	183451742	24	TotalCN	1	-0.223	NaN	50	1	STT9355.OSCHP
116	3	183473500	186560782	226	TotalCN	2	-0.053	0.482	50	1	STT9355.OSCHP
117	3	186571559	188989594	272	TotalCN	0	-0.852	NaN	50	1	STT9355.OSCHP
118	3	188996933	191956119	313	TotalCN	2	-0.039	0.485	50	1	STT9355.OSCHP
119	3	191976775	194004402	136	TotalCN	1	-0.419	0.351	50	1	STT9355.OSCHP
120	3	194023689	195949541	131	TotalCN	2	-0.036	0.486	50	1	STT9355.OSCHP
121	3	195960225	196233136	19	TotalCN	1	-0.234	NaN	50	1	STT9355.OSCHP
122	3	196256121	197852564	152	TotalCN	2	-0.034	0.479	50	1	STT9355.OSCHP
123	4	69404	29185314	1917	TotalCN	2	0.017	0.481	50	1	STT9355.OSCHP
124	4	29194579	29748096	38	TotalCN	3	0.405	0.387	50	1	STT9355.OSCHP
125	4	29763473	56941885	1775	TotalCN	2	0.006	0.482	50	1	STT9355.OSCHP
126	4	56955556	57271109	22	TotalCN	1	-0.165	NaN	50	1	STT9355.OSCHP
127	4	57282646	93653338	2609	TotalCN	2	0.018	0.483	50	1	STT9355.OSCHP
128	4	93660056	100173968	473	TotalCN	1	-0.326	0.347	50	1	STT9355.OSCHP
129	4	100178151	101063391	59	TotalCN	0	-0.412	0.435	50	1	STT9355.OSCHP
130	4	101070872	190915650	6494	TotalCN	1	-0.307	0.351	50	1	STT9355.OSCHP
131	5	38139	653343	39	TotalCN	0	-0.63	NaN	50	1	STT9355.OSCHP
132	5	685504	38453833	2589	TotalCN	2	0.05	0.481	50	1	STT9355.OSCHP
133	5	38468420	38587204	22	TotalCN	3	0.176	NaN	50	1	STT9355.OSCHP
134	5	38609707	44279163	448	TotalCN	2	0.045	0.484	50	1	STT9355.OSCHP
135	5	44296986	44901349	40	TotalCN	3	0.141	NaN	50	1	STT9355.OSCHP
136	5	44907882	51314423	221	TotalCN	2	-0.023	0.477	50	1	STT9355.OSCHP
137	5	51333060	62701346	813	TotalCN	1	-0.278	0.354	50	1	STT9355.OSCHP
138	5	62707715	65132797	167	TotalCN	2	-0.003	0.471	50	1	STT9355.OSCHP
139	5	65149815	131917350	4464	TotalCN	1	-0.27	0.356	50	1	STT9355.OSCHP
140	5	131921958	132042740	18	TotalCN	2	-0.138	NaN	50	1	STT9355.OSCHP
141	5	132056147	180698312	3539	TotalCN	1	-0.271	0.353	50	1	STT9355.OSCHP
142	6	204909	57160035	4397	TotalCN	0	-0.905	NaN	50	1	STT9355.OSCHP
143	6	57184113	85972492	1804	TotalCN	2	0.03	0.481	50	1	STT9355.OSCHP
144	6	85997142	116731978	2342	TotalCN	0	-0.765	NaN	50	1	STT9355.OSCHP
145	6	116756667	170913051	4161	TotalCN	2	0.063	0.483	50	1	STT9355.OSCHP
146	7	41421	58025423	4491	TotalCN	1	-0.285	0.348	50	1	STT9355.OSCHP
147	7	61064518	63648558	84	TotalCN	3	0.174	0.369	50	1	STT9355.OSCHP
148	7	63733331	65933295	137	TotalCN	1	-0.368	0.343	50	1	STT9355.OSCHP
149	7	65944386	66726274	62	TotalCN	0	-0.332	0.462	50	1	STT9355.OSCHP
150	7	66773745	68677741	131	TotalCN	2	0.014	0.478	50	1	STT9355.OSCHP
151	7	68704394	159118443	7070	TotalCN	1	-0.286	0.352	50	1	STT9355.OSCHP
152	8	172417	39194984	3499	TotalCN	1	-0.31	0.351	50	1	STT9355.OSCHP
153	8	39217074	39460780	18	TotalCN	0	-1.67	NaN	50	1	STT9355.OSCHP
154	8	39480366	146292734	8432	TotalCN	1	-0.292	0.351	50	1	STT9355.OSCHP
155	9	204738	985569	54	TotalCN	0	-1.173	0.207	50	1	STT9355.OSCHP
156	9	1005131	17336492	1424	TotalCN	1	-0.406	0.338	50	1	STT9355.OSCHP
157	9	17351711	21828110	380	TotalCN	0	-0.828	NaN	50	1	STT9355.OSCHP
158	9	21833659	23718520	266	TotalCN	1	-0.368	0.344	50	1	STT9355.OSCHP
159	9	23724832	25688248	131	TotalCN	0	-0.87	NaN	50	1	STT9355.OSCHP
160	9	25699648	141054761	6276	TotalCN	1	-0.318	0.351	50	1	STT9355.OSCHP
161	10	126070	69079806	4624	TotalCN	2	0.002	0.483	50	1	STT9355.OSCHP
162	10	69093693	69348258	18	TotalCN	1	-0.479	NaN	50	1	STT9355.OSCHP
163	10	69366602	69630907	21	TotalCN	2	-0.142	NaN	50	1	STT9355.OSCHP
164	10	69635024	69734388	18	TotalCN	1	-0.181	NaN	50	1	STT9355.OSCHP
165	10	69753620	92456589	1977	TotalCN	2	-0.048	0.482	50	1	STT9355.OSCHP
166	10	92470777	92738106	19	TotalCN	1	-0.184	NaN	50	1	STT9355.OSCHP
167	10	92758267	135434303	3018	TotalCN	2	-0.04	0.48	50	1	STT9355.OSCHP
168	11	192764	81110347	5757	TotalCN	1	-0.294	0.352	50	1	STT9355.OSCHP
169	11	81130348	83943499	188	TotalCN	3	0.277	0.418	50	1	STT9355.OSCHP
170	11	83952285	85071510	75	TotalCN	2	0.107	0.481	50	1	STT9355.OSCHP
171	11	85084155	86684705	125	TotalCN	1	-0.233	0.349	50	1	STT9355.OSCHP
172	11	86701200	100909991	1035	TotalCN	0	-0.717	0.481	50	1	STT9355.OSCHP
173	11	100910995	117631234	1324	TotalCN	1	-0.257	0.353	50	1	STT9355.OSCHP
174	11	117649675	134938847	1443	TotalCN	0	-1.006	0.482	50	1	STT9355.OSCHP
175	12	189400	8792222	808	TotalCN	1	-0.341	0.349	50	1	STT9355.OSCHP
176	12	8800566	34260142	2004	TotalCN	2	0.026	0.483	50	1	STT9355.OSCHP
177	12	34287044	34828211	39	TotalCN	1	-0.224	NaN	50	1	STT9355.OSCHP
178	12	37902988	44527496	458	TotalCN	2	0.005	0.486	50	1	STT9355.OSCHP
179	12	44539221	44791399	18	TotalCN	3	0.183	NaN	50	1	STT9355.OSCHP
180	12	44801922	45807100	68	TotalCN	2	0.076	0.489	50	1	STT9355.OSCHP
181	12	45828084	67780305	1975	TotalCN	1	-0.321	0.355	50	1	STT9355.OSCHP
182	12	67784618	76513775	744	TotalCN	0	-0.734	NaN	50	1	STT9355.OSCHP
183	12	76529428	100739614	1798	TotalCN	1	-0.293	0.356	50	1	STT9355.OSCHP
184	12	100760765	133818115	2433	TotalCN	2	0.018	0.485	50	1	STT9355.OSCHP
185	13	19084823	23092670	283	TotalCN	2	-0.02	0.484	50	1	STT9355.OSCHP
186	13	23113316	30975286	666	TotalCN	3	0.286	0.416	50	1	STT9355.OSCHP
187	13	30995409	34234642	315	TotalCN	1	-0.289	0.359	50	1	STT9355.OSCHP
188	13	34259911	37655553	230	TotalCN	2	0.075	0.483	50	1	STT9355.OSCHP
189	13	37679268	67405465	2350	TotalCN	0	-0.774	NaN	50	1	STT9355.OSCHP
190	13	67422193	71851087	301	TotalCN	2	0.081	0.483	50	1	STT9355.OSCHP
191	13	71867533	97323933	1987	TotalCN	3	0.31	0.408	50	1	STT9355.OSCHP
192	13	97342380	115103150	1802	TotalCN	5	0.666	0.317	50	1	STT9355.OSCHP
193	14	20219083	35788948	1247	TotalCN	2	0.026	0.277	50	1	STT9355.OSCHP
194	14	35806152	38019142	191	TotalCN	1	-0.325	0.349	50	1	STT9355.OSCHP
195	14	38039969	38942443	54	TotalCN	0	-0.818	NaN	50	1	STT9355.OSCHP
196	14	38959413	57322440	1276	TotalCN	1	-0.322	0.351	50	1	STT9355.OSCHP
197	14	57338293	68291467	938	TotalCN	0	-0.751	0.48	50	1	STT9355.OSCHP
198	14	68291846	69703158	210	TotalCN	1	-0.34	0.37	50	1	STT9355.OSCHP
199	14	69716438	107282024	2840	TotalCN	0	-0.774	0.483	50	1	STT9355.OSCHP
200	15	20161372	24571352	110	TotalCN	1	-0.301	0.361	50	1	STT9355.OSCHP
201	15	24579798	51783820	1949	TotalCN	2.5	0.207	0.241	50	1	STT9355.OSCHP
202	15	51791559	66645341	1073	TotalCN	2	-0.029	0.291	50	1	STT9355.OSCHP
203	15	66659184	102397317	2880	TotalCN	1	-0.315	0.353	50	1	STT9355.OSCHP
204	16	83887	34213445	2435	TotalCN	0	-0.799	NaN	50	1	STT9355.OSCHP
205	16	34224384	51130656	398	TotalCN	1	-0.304	0.357	50	1	STT9355.OSCHP
206	16	51142980	90158005	3001	TotalCN	0	-0.797	NaN	50	1	STT9355.OSCHP
207	17	400959	10324745	885	TotalCN	0	-0.79	NaN	50	1	STT9355.OSCHP
208	17	10344306	22217883	856	TotalCN	6	0.905	0.279	50	1	STT9355.OSCHP
209	17	25326941	53231137	2445	TotalCN	2	0	0.484	50	1	STT9355.OSCHP
210	17	53238728	54291151	84	TotalCN	4	0.486	0.365	50	1	STT9355.OSCHP
211	17	54304056	58982924	407	TotalCN	2	-0.021	0.478	50	1	STT9355.OSCHP
212	17	58989120	61319197	179	TotalCN	4	0.427	0.336	50	1	STT9355.OSCHP
213	17	61328349	65644419	343	TotalCN	2	0.062	0.48	50	1	STT9355.OSCHP
214	17	65664196	73344711	528	TotalCN	4	0.552	0.348	50	1	STT9355.OSCHP
215	17	73369422	80263427	686	TotalCN	3	0.224	0.424	50	1	STT9355.OSCHP
216	18	12842	15377471	1072	TotalCN	2	0.043	0.484	50	1	STT9355.OSCHP
217	18	18554307	19154143	41	TotalCN	1	-0.159	NaN	50	1	STT9355.OSCHP
218	18	19182974	23103048	306	TotalCN	2	0.064	0.482	50	1	STT9355.OSCHP
219	18	23116725	23389136	19	TotalCN	3	0.146	NaN	50	1	STT9355.OSCHP
220	18	23410054	46712790	1684	TotalCN	2	0.044	0.484	50	1	STT9355.OSCHP
221	18	46727622	46987157	18	TotalCN	3	0.137	NaN	50	1	STT9355.OSCHP
222	18	46999514	58079259	948	TotalCN	2	0.028	0.487	50	1	STT9355.OSCHP
223	18	58096656	58360501	20	TotalCN	3	0.139	NaN	50	1	STT9355.OSCHP
224	18	58375030	64252555	547	TotalCN	2	0.032	0.481	50	1	STT9355.OSCHP
225	18	64268270	64648278	27	TotalCN	1	-0.159	NaN	50	1	STT9355.OSCHP
226	18	64667804	78007784	913	TotalCN	2	0.061	0.482	50	1	STT9355.OSCHP
227	19	247232	9649692	893	TotalCN	2	-0.084	0.484	50	1	STT9355.OSCHP
228	19	9675949	9939831	19	TotalCN	1	-0.159	NaN	50	1	STT9355.OSCHP
229	19	9965692	59093239	3923	TotalCN	2	-0.055	0.483	50	1	STT9355.OSCHP
230	20	69094	5075777	364	TotalCN	2	0.008	0.481	50	1	STT9355.OSCHP
231	20	5079031	5204639	18	TotalCN	1	-0.198	NaN	50	1	STT9355.OSCHP
232	20	5223014	15110701	1141	TotalCN	2	0.019	0.481	50	1	STT9355.OSCHP
233	20	15111616	15161670	22	TotalCN	1	-0.195	NaN	50	1	STT9355.OSCHP
234	20	15164690	26309255	1053	TotalCN	2	0.013	0.485	50	1	STT9355.OSCHP
235	20	29519156	33212055	291	TotalCN	3	0.267	0.421	50	1	STT9355.OSCHP
236	20	33226491	34234620	68	TotalCN	2	0.15	0.469	50	1	STT9355.OSCHP
237	20	34248769	41560394	546	TotalCN	3	0.261	0.41	50	1	STT9355.OSCHP
238	20	41571400	43057480	115	TotalCN	2	0.114	0.475	50	1	STT9355.OSCHP
239	20	43068996	46125888	207	TotalCN	3	0.311	0.416	50	1	STT9355.OSCHP
240	20	46130062	46321676	69	TotalCN	2	0.12	NaN	50	1	STT9355.OSCHP
241	20	46332216	62912463	1197	TotalCN	3	0.301	0.419	50	1	STT9355.OSCHP
242	21	9648315	48097610	2349	TotalCN	1	-0.254	0.35	50	1	STT9355.OSCHP
243	22	16054713	49876931	2708	TotalCN	1	-0.283	0.35	50	1	STT9355.OSCHP
244	22	49884771	50193337	19	TotalCN	0	-0.542	NaN	50	1	STT9355.OSCHP
245	22	50207703	51213826	69	TotalCN	1	-0.295	0.371	50	1	STT9355.OSCHP
246	24	177942	4690651	244	TotalCN	0	-1.541	NaN	50	1	STT9355.OSCHP
247	24	4712340	5688419	64	TotalCN	4	0.492	0.177	50	1	STT9355.OSCHP
248	24	5699090	42465377	2714	TotalCN	0	-1.504	NaN	50	1	STT9355.OSCHP
249	24	42483320	49371123	596	TotalCN	5	0.715	0.162	50	1	STT9355.OSCHP
250	24	49372303	56083761	468	TotalCN	3	0.323	NaN	50	1	STT9355.OSCHP
251	24	56092243	58470802	148	TotalCN	2.5	0.144	0.234	50	1	STT9355.OSCHP
252	24	61732394	62732675	62	TotalCN	3	0.43	0.2	50	1	STT9355.OSCHP
253	24	62781694	136924190	5604	TotalCN	0	-1.505	NaN	50	1	STT9355.OSCHP
254	24	136931651	155219364	1290	TotalCN	6	0.866	0.156	50	1	STT9355.OSCHP
255	25	2660163	28799935	614	TotalCN	0	-3.818	0.351	50	1	STT9355.OSCHP
1	1	754192	121350934	9085	LOH	0	-	-	50	1	STT9355.OSCHP
2	1	144009053	147830492	223	LOH	0	-	-	50	1	STT9355.OSCHP
3	1	149044448	173625710	2007	LOH	0	-	-	50	1	STT9355.OSCHP
4	1	173641827	176723977	268	LOH	1	-	-	50	1	STT9355.OSCHP
5	1	176738253	235142752	4384	LOH	0	-	-	50	1	STT9355.OSCHP
6	1	235175166	249212878	1120	LOH	1	-	-	50	1	STT9355.OSCHP
7	2	21494	90245035	6247	LOH	1	-	-	50	1	STT9355.OSCHP
8	2	91866487	91866487	1	LOH	0	-	-	50	1	STT9355.OSCHP
9	2	95429197	107985738	1022	LOH	1	-	-	50	1	STT9355.OSCHP
10	2	107995864	112474570	248	LOH	0	-	-	50	1	STT9355.OSCHP
11	2	112626638	243052331	9476	LOH	1	-	-	50	1	STT9355.OSCHP
12	3	63411	90473621	7267	LOH	0	-	-	50	1	STT9355.OSCHP
13	3	93517443	175147306	5837	LOH	0	-	-	50	1	STT9355.OSCHP
14	3	175163541	177806060	177	LOH	1	-	-	50	1	STT9355.OSCHP
15	3	177823987	185977405	614	LOH	0	-	-	50	1	STT9355.OSCHP
16	3	185995196	189398472	371	LOH	1	-	-	50	1	STT9355.OSCHP
17	3	189400596	191274891	220	LOH	0	-	-	50	1	STT9355.OSCHP
18	3	191280430	194269191	197	LOH	1	-	-	50	1	STT9355.OSCHP
19	3	194284931	197852564	287	LOH	0	-	-	50	1	STT9355.OSCHP
20	4	71566	49092454	3083	LOH	0	-	-	50	1	STT9355.OSCHP
21	4	52684891	93428335	3021	LOH	0	-	-	50	1	STT9355.OSCHP
22	4	93434872	190915650	6163	LOH	1	-	-	50	1	STT9355.OSCHP
23	5	38139	42519262	2972	LOH	0	-	-	50	1	STT9355.OSCHP
24	5	42523468	46401271	259	LOH	1	-	-	50	1	STT9355.OSCHP
25	5	49441966	51164115	111	LOH	0	-	-	50	1	STT9355.OSCHP
26	5	51189310	62819869	832	LOH	1	-	-	50	1	STT9355.OSCHP
27	5	62835715	64753321	131	LOH	0	-	-	50	1	STT9355.OSCHP
28	5	64763225	68828372	309	LOH	1	-	-	50	1	STT9355.OSCHP
29	5	70306678	180698312	7721	LOH	1	-	-	50	1	STT9355.OSCHP
30	6	204909	58770502	3830	LOH	1	-	-	50	1	STT9355.OSCHP
31	6	61886393	85448103	1174	LOH	0	-	-	50	1	STT9355.OSCHP
32	6	85524737	117113653	2329	LOH	1	-	-	50	1	STT9355.OSCHP
33	6	117126941	170913051	4129	LOH	0	-	-	50	1	STT9355.OSCHP
34	7	41421	58011645	4475	LOH	1	-	-	50	1	STT9355.OSCHP
35	7	61064518	66671919	270	LOH	1	-	-	50	1	STT9355.OSCHP
36	7	66672276	68636019	131	LOH	0	-	-	50	1	STT9355.OSCHP
37	7	68649968	159118443	7041	LOH	1	-	-	50	1	STT9355.OSCHP
38	8	172417	7004147	1044	LOH	1	-	-	50	1	STT9355.OSCHP
39	8	8094763	43751375	2811	LOH	1	-	-	50	1	STT9355.OSCHP
40	8	46896972	146292734	8062	LOH	1	-	-	50	1	STT9355.OSCHP
41	9	204738	39184065	3213	LOH	1	-	-	50	1	STT9355.OSCHP
42	9	44098813	44893094	4	LOH	0	-	-	50	1	STT9355.OSCHP
43	9	68170421	68170421	1	LOH	0	-	-	50	1	STT9355.OSCHP
44	9	70984372	141054761	5300	LOH	1	-	-	50	1	STT9355.OSCHP
45	10	126070	39146676	2836	LOH	0	-	-	50	1	STT9355.OSCHP
46	10	42413322	135434303	6838	LOH	0	-	-	50	1	STT9355.OSCHP
47	11	192764	51575951	3654	LOH	1	-	-	50	1	STT9355.OSCHP
48	11	54795357	81315415	2067	LOH	1	-	-	50	1	STT9355.OSCHP
49	11	81322983	84958425	243	LOH	0	-	-	50	1	STT9355.OSCHP
50	11	84975539	134938847	3899	LOH	1	-	-	50	1	STT9355.OSCHP
51	12	189400	9231638	834	LOH	1	-	-	50	1	STT9355.OSCHP
52	12	9232268	34828211	2014	LOH	0	-	-	50	1	STT9355.OSCHP
53	12	37927248	45807100	537	LOH	0	-	-	50	1	STT9355.OSCHP
54	12	45828084	100922718	4522	LOH	1	-	-	50	1	STT9355.OSCHP
55	12	100948515	133818115	2418	LOH	0	-	-	50	1	STT9355.OSCHP
56	13	19084823	30968857	946	LOH	0	-	-	50	1	STT9355.OSCHP
57	13	30975286	34234642	313	LOH	1	-	-	50	1	STT9355.OSCHP
58	13	34259911	37202151	199	LOH	0	-	-	50	1	STT9355.OSCHP
59	13	37217459	67906384	2402	LOH	1	-	-	50	1	STT9355.OSCHP
60	13	67928017	115103150	4050	LOH	0	-	-	50	1	STT9355.OSCHP
61	14	20219083	107282024	6748	LOH	1	-	-	50	1	STT9355.OSCHP
62	15	20161372	20212798	6	LOH	0	-	-	50	1	STT9355.OSCHP
63	15	22752399	102397317	5981	LOH	1	-	-	50	1	STT9355.OSCHP
64	16	83887	35271725	2457	LOH	1	-	-	50	1	STT9355.OSCHP
65	16	46461309	90158005	3316	LOH	1	-	-	50	1	STT9355.OSCHP
66	17	400959	10677063	904	LOH	1	-	-	50	1	STT9355.OSCHP
67	17	10689786	22217883	824	LOH	0	-	-	50	1	STT9355.OSCHP
68	17	25326941	80263427	4626	LOH	0	-	-	50	1	STT9355.OSCHP
69	18	12842	15377471	1070	LOH	0	-	-	50	1	STT9355.OSCHP
70	18	18554307	78007784	4505	LOH	0	-	-	50	1	STT9355.OSCHP
71	19	247232	24544320	2106	LOH	0	-	-	50	1	STT9355.OSCHP
72	19	27754573	59093239	2665	LOH	0	-	-	50	1	STT9355.OSCHP
73	20	69094	26309255	2580	LOH	0	-	-	50	1	STT9355.OSCHP
74	20	29519156	62912463	2491	LOH	0	-	-	50	1	STT9355.OSCHP
75	21	9648315	10964139	8	LOH	0	-	-	50	1	STT9355.OSCHP
76	21	14344537	48097610	2335	LOH	1	-	-	50	1	STT9355.OSCHP
77	22	16054713	51213826	2714	LOH	1	-	-	50	1	STT9355.OSCHP
78	24	177942	43809077	3107	LOH	1	-	-	50	1	STT9355.OSCHP
79	24	43813650	50567071	570	LOH	0	-	-	50	1	STT9355.OSCHP
80	24	50587656	58412929	501	LOH	1	-	-	50	1	STT9355.OSCHP
81	24	61732394	137681468	5604	LOH	1	-	-	50	1	STT9355.OSCHP
82	24	137716053	155219364	1228	LOH	0	-	-	50	1	STT9355.OSCHP
