SegmentID	Chromosome	StartPosition	StopPosition	MarkerCount	Type	State	Median Log2 Ratio	Median BAF	% Aberr. Cells	TuScan Ploidy	FileName
165	1	754192	3572209	261	TotalCN	4	0.327	0.492	55	4	STT9338.OSCHP
166	1	3574756	3614777	18	TotalCN	3	0.395	NaN	55	4	STT9338.OSCHP
167	1	3617755	10231463	531	TotalCN	4	0.434	0.486	55	4	STT9338.OSCHP
168	1	10236039	10628350	26	TotalCN	3	0.173	NaN	55	4	STT9338.OSCHP
169	1	10629562	23904345	1169	TotalCN	4	0.489	0.486	55	4	STT9338.OSCHP
170	1	23912519	24382234	41	TotalCN	3	0.332	NaN	55	4	STT9338.OSCHP
171	1	24393563	27923464	296	TotalCN	4	0.437	0.486	55	4	STT9338.OSCHP
172	1	27926099	28823671	99	TotalCN	3	0.285	0.383	55	4	STT9338.OSCHP
173	1	28830901	29384592	42	TotalCN	4	0.503	0.496	55	4	STT9338.OSCHP
174	1	29411250	31354813	132	TotalCN	6	0.883	0.343	55	4	STT9338.OSCHP
175	1	31377743	33508527	183	TotalCN	7	1.025	0.414	55	4	STT9338.OSCHP
176	1	33523709	35446335	141	TotalCN	5	0.654	0.465	55	4	STT9338.OSCHP
177	1	35467033	35717339	30	TotalCN	4	0.588	NaN	55	4	STT9338.OSCHP
178	1	35760670	35950705	20	TotalCN	5	0.625	NaN	55	4	STT9338.OSCHP
179	1	35957145	36655346	50	TotalCN	4	0.523	NaN	55	4	STT9338.OSCHP
180	1	36677585	40400397	354	TotalCN	5	0.642	0.441	55	4	STT9338.OSCHP
181	1	40403414	40757993	34	TotalCN	4	0.562	NaN	55	4	STT9338.OSCHP
182	1	40776752	41809996	73	TotalCN	5	0.604	0.439	55	4	STT9338.OSCHP
183	1	41840197	43367643	114	TotalCN	8	0.984	0.476	55	4	STT9338.OSCHP
184	1	43367726	43836928	60	TotalCN	4	0.59	0.471	55	4	STT9338.OSCHP
185	1	43838047	46605369	286	TotalCN	5	0.578	0.434	55	4	STT9338.OSCHP
186	1	46629653	48588004	169	TotalCN	6	0.672	0.471	55	4	STT9338.OSCHP
187	1	48609038	53043216	345	TotalCN	5	0.651	0.427	55	4	STT9338.OSCHP
188	1	53051020	54172944	76	TotalCN	6	0.678	0.475	55	4	STT9338.OSCHP
189	1	54175302	62106396	664	TotalCN	5	0.65	0.44	55	4	STT9338.OSCHP
190	1	62143569	66200238	303	TotalCN	3	0.209	0.399	55	4	STT9338.OSCHP
191	1	66216976	75356858	639	TotalCN	5	0.695	0.286	55	4	STT9338.OSCHP
192	1	75361993	86381650	780	TotalCN	7	0.966	0.234	55	4	STT9338.OSCHP
193	1	86407135	109492136	1808	TotalCN	5	0.662	0.292	55	4	STT9338.OSCHP
194	1	109519561	120166681	855	TotalCN	3	0.265	0.391	55	4	STT9338.OSCHP
195	1	120181459	121350934	114	TotalCN	6	0.833	0.238	55	4	STT9338.OSCHP
196	1	144009053	145258178	45	TotalCN	5	0.598	0.22	55	4	STT9338.OSCHP
197	1	145260908	156351699	844	TotalCN	4	0.437	0.144	55	4	STT9338.OSCHP
198	1	156367438	156991571	87	TotalCN	6	0.838	0.12	55	4	STT9338.OSCHP
199	1	157023277	249212878	7111	TotalCN	4	0.446	0.149	55	4	STT9338.OSCHP
200	2	21494	78133560	6038	TotalCN	4	0.474	0.146	55	4	STT9338.OSCHP
201	2	78148667	78523914	25	TotalCN	3	0.304	NaN	55	4	STT9338.OSCHP
202	2	78532705	78873621	28	TotalCN	4	0.529	NaN	55	4	STT9338.OSCHP
203	2	78978011	81663140	192	TotalCN	6	0.828	0.37	55	4	STT9338.OSCHP
204	2	81679394	87852863	368	TotalCN	8	1.056	0.486	55	4	STT9338.OSCHP
205	2	88295232	89116398	55	TotalCN	3	0.467	0.411	55	4	STT9338.OSCHP
206	2	89125131	99146502	364	TotalCN	5	0.746	NaN	55	4	STT9338.OSCHP
207	2	99147872	114488405	1173	TotalCN	6	0.799	0.389	55	4	STT9338.OSCHP
208	2	114500131	140984124	1704	TotalCN	4	0.409	0.483	55	4	STT9338.OSCHP
209	2	140985066	141003932	19	TotalCN	3	0.332	NaN	55	4	STT9338.OSCHP
210	2	141005223	141344200	276	TotalCN	4	0.424	0.476	55	4	STT9338.OSCHP
211	2	141346007	141720640	234	TotalCN	3	0.342	NaN	55	4	STT9338.OSCHP
212	2	141722532	197876929	4178	TotalCN	4	0.422	0.483	55	4	STT9338.OSCHP
213	2	197897560	198542619	44	TotalCN	5	0.751	0.41	55	4	STT9338.OSCHP
214	2	198545013	212567389	1121	TotalCN	4	0.382	0.482	55	4	STT9338.OSCHP
215	2	212569241	212586022	19	TotalCN	3	0.167	NaN	55	4	STT9338.OSCHP
216	2	212587885	218997580	540	TotalCN	4	0.395	0.482	55	4	STT9338.OSCHP
217	2	219010146	219242862	19	TotalCN	6	0.842	0.424	55	4	STT9338.OSCHP
218	2	219266423	224732125	415	TotalCN	4	0.383	0.484	55	4	STT9338.OSCHP
219	2	224787704	226701408	137	TotalCN	2	-0.066	0.222	55	4	STT9338.OSCHP
220	2	226714419	227719528	101	TotalCN	4	0.45	0.142	55	4	STT9338.OSCHP
221	2	227733769	228563347	55	TotalCN	2	-0.107	0.224	55	4	STT9338.OSCHP
222	2	228590027	236837395	551	TotalCN	1	-0.469	0.297	55	4	STT9338.OSCHP
223	2	236859195	243052331	446	TotalCN	2	-0.078	0.219	55	4	STT9338.OSCHP
224	3	63411	51075876	4017	TotalCN	3	0.369	0.159	55	4	STT9338.OSCHP
225	3	51077596	70023430	1810	TotalCN	4	0.4	0.152	55	4	STT9338.OSCHP
226	3	70023667	84293291	1070	TotalCN	3	0.389	0.163	55	4	STT9338.OSCHP
227	3	84304934	94228127	469	TotalCN	5	0.616	0.138	55	4	STT9338.OSCHP
228	3	94247585	95404675	78	TotalCN	6	0.841	0.267	55	4	STT9338.OSCHP
229	3	95426687	95871196	31	TotalCN	7	1.016	0.428	55	4	STT9338.OSCHP
230	3	95880701	96143736	18	TotalCN	5	0.693	NaN	55	4	STT9338.OSCHP
231	3	96149523	197852564	7544	TotalCN	4	0.555	0.136	55	4	STT9338.OSCHP
232	4	69404	48038584	3247	TotalCN	5	0.617	0.287	55	4	STT9338.OSCHP
233	4	48048716	143049980	6588	TotalCN	4	0.445	0.154	55	4	STT9338.OSCHP
234	4	143051680	143174440	113	TotalCN	6	0.855	NaN	55	4	STT9338.OSCHP
235	4	143180590	146602973	366	TotalCN	4	0.431	0.155	55	4	STT9338.OSCHP
236	4	146619087	148798090	146	TotalCN	5	0.614	0.14	55	4	STT9338.OSCHP
237	4	148820303	190915650	2927	TotalCN	4	0.424	0.156	55	4	STT9338.OSCHP
238	5	38139	19240987	1310	TotalCN	4	0.481	0.488	55	4	STT9338.OSCHP
239	5	19247098	19531541	20	TotalCN	5	0.737	NaN	55	4	STT9338.OSCHP
240	5	19547577	20162382	43	TotalCN	4	0.471	NaN	55	4	STT9338.OSCHP
241	5	20178265	20441988	18	TotalCN	3	0.363	NaN	55	4	STT9338.OSCHP
242	5	20459487	22740091	151	TotalCN	4	0.483	0.477	55	4	STT9338.OSCHP
243	5	22741835	23106804	25	TotalCN	3	0.278	NaN	55	4	STT9338.OSCHP
244	5	23115268	29010973	398	TotalCN	4	0.495	0.483	55	4	STT9338.OSCHP
245	5	29023304	52864365	1497	TotalCN	6	0.823	0.389	55	4	STT9338.OSCHP
246	5	52874253	54676222	121	TotalCN	4	0.54	0.478	55	4	STT9338.OSCHP
247	5	54692243	57252398	197	TotalCN	5	0.786	0.403	55	4	STT9338.OSCHP
248	5	57256033	58243302	99	TotalCN	7	0.99	0.454	55	4	STT9338.OSCHP
249	5	58267723	61265883	194	TotalCN	6	0.828	0.384	55	4	STT9338.OSCHP
250	5	61269286	65149815	267	TotalCN	4	0.503	0.489	55	4	STT9338.OSCHP
251	5	65154435	66610910	99	TotalCN	6	0.852	0.377	55	4	STT9338.OSCHP
252	5	66624872	68462438	156	TotalCN	4	0.475	0.488	55	4	STT9338.OSCHP
253	5	68488174	68787258	19	TotalCN	5	0.611	NaN	55	4	STT9338.OSCHP
254	5	68789856	74667731	288	TotalCN	4	0.482	0.488	55	4	STT9338.OSCHP
255	5	74683646	75016943	25	TotalCN	3	0.354	NaN	55	4	STT9338.OSCHP
256	5	75042913	85047201	675	TotalCN	4	0.483	0.485	55	4	STT9338.OSCHP
257	5	85052886	85314047	18	TotalCN	3	0.377	NaN	55	4	STT9338.OSCHP
258	5	85337276	96689751	768	TotalCN	4	0.512	0.487	55	4	STT9338.OSCHP
259	5	96699704	97272717	40	TotalCN	5	0.623	NaN	55	4	STT9338.OSCHP
260	5	97296147	101974581	310	TotalCN	4	0.491	0.489	55	4	STT9338.OSCHP
261	5	101990024	102710525	49	TotalCN	3	0.372	NaN	55	4	STT9338.OSCHP
262	5	102726572	104075130	91	TotalCN	4	0.545	0.49	55	4	STT9338.OSCHP
263	5	104086307	104347357	18	TotalCN	5	0.664	NaN	55	4	STT9338.OSCHP
264	5	104354166	107614397	217	TotalCN	4	0.509	0.489	55	4	STT9338.OSCHP
265	5	107631903	107880408	18	TotalCN	5	0.652	NaN	55	4	STT9338.OSCHP
266	5	107899940	121283870	939	TotalCN	4	0.492	0.486	55	4	STT9338.OSCHP
267	5	121297115	121539398	18	TotalCN	5	0.674	NaN	55	4	STT9338.OSCHP
268	5	121550921	141980965	1418	TotalCN	4	0.513	0.487	55	4	STT9338.OSCHP
269	5	141995777	142188068	20	TotalCN	3	0.39	NaN	55	4	STT9338.OSCHP
270	5	142194451	151903171	774	TotalCN	4	0.5	0.486	55	4	STT9338.OSCHP
271	5	151912436	152343943	28	TotalCN	3	0.347	NaN	55	4	STT9338.OSCHP
272	5	152359810	180698312	2032	TotalCN	4	0.474	0.487	55	4	STT9338.OSCHP
273	6	204909	7008678	507	TotalCN	4	0.445	0.336	55	4	STT9338.OSCHP
274	6	7037738	8024833	74	TotalCN	5	0.775	0.308	55	4	STT9338.OSCHP
275	6	8036118	13384746	373	TotalCN	4	0.46	0.339	55	4	STT9338.OSCHP
276	6	13395611	15692027	164	TotalCN	6	0.816	0.264	55	4	STT9338.OSCHP
277	6	15739843	25976927	770	TotalCN	4	0.425	0.335	55	4	STT9338.OSCHP
278	6	25991620	26662736	45	TotalCN	3	0.254	0.348	55	4	STT9338.OSCHP
279	6	26698728	29392235	203	TotalCN	4	0.421	0.344	55	4	STT9338.OSCHP
280	6	29398000	31631208	273	TotalCN	5	0.774	NaN	55	4	STT9338.OSCHP
281	6	31643470	33003346	153	TotalCN	6	0.869	NaN	55	4	STT9338.OSCHP
282	6	33058583	34220254	111	TotalCN	5	0.696	0.308	55	4	STT9338.OSCHP
283	6	34232532	39651875	419	TotalCN	6	0.865	0.223	55	4	STT9338.OSCHP
284	6	39658651	47653851	608	TotalCN	4	0.469	0.15	55	4	STT9338.OSCHP
285	6	47670269	48346488	46	TotalCN	6	0.866	0.13	55	4	STT9338.OSCHP
286	6	48356170	50580639	149	TotalCN	4	0.517	0.158	55	4	STT9338.OSCHP
287	6	50586245	51929476	152	TotalCN	7	0.963	0.249	55	4	STT9338.OSCHP
288	6	51935747	54935878	203	TotalCN	5	0.695	0.295	55	4	STT9338.OSCHP
289	6	54953639	55754422	53	TotalCN	7	1.066	0.233	55	4	STT9338.OSCHP
290	6	55766417	57444439	116	TotalCN	3	0.281	0.394	55	4	STT9338.OSCHP
291	6	57459185	58055927	41	TotalCN	4	0.454	0.171	55	4	STT9338.OSCHP
292	6	58213475	58770502	34	TotalCN	5	0.659	0.401	55	4	STT9338.OSCHP
293	6	61886393	133207105	5228	TotalCN	4	0.467	0.154	55	4	STT9338.OSCHP
294	6	133223420	136415792	261	TotalCN	5	0.734	0.12	55	4	STT9338.OSCHP
295	6	136424959	170913051	2721	TotalCN	4	0.416	0.155	55	4	STT9338.OSCHP
296	7	41421	2370412	220	TotalCN	4	0.521	0.451	55	4	STT9338.OSCHP
297	7	2377332	21225260	1379	TotalCN	5	0.662	0.435	55	4	STT9338.OSCHP
298	7	21241448	26410391	368	TotalCN	6	0.92	0.346	55	4	STT9338.OSCHP
299	7	26434016	27247279	67	TotalCN	5	0.716	0.4	55	4	STT9338.OSCHP
300	7	27250377	29962934	243	TotalCN	4	0.608	0.465	55	4	STT9338.OSCHP
301	7	29983146	32133590	151	TotalCN	5	0.671	0.426	55	4	STT9338.OSCHP
302	7	32147491	33541486	94	TotalCN	6	0.679	0.474	55	4	STT9338.OSCHP
303	7	33571828	37326897	248	TotalCN	5	0.628	0.434	55	4	STT9338.OSCHP
304	7	37351507	38153390	53	TotalCN	4	0.595	0.472	55	4	STT9338.OSCHP
305	7	38163633	58025423	1668	TotalCN	5	0.632	0.438	55	4	STT9338.OSCHP
306	7	61064518	62404706	29	TotalCN	3	0.377	NaN	55	4	STT9338.OSCHP
307	7	62413547	68214762	355	TotalCN	6	0.729	0.356	55	4	STT9338.OSCHP
308	7	68225416	68505785	20	TotalCN	4	0.449	NaN	55	4	STT9338.OSCHP
309	7	68524128	68830924	19	TotalCN	3	0.34	NaN	55	4	STT9338.OSCHP
310	7	68838972	83239256	1009	TotalCN	4	0.437	0.486	55	4	STT9338.OSCHP
311	7	83261085	83533476	19	TotalCN	5	0.604	NaN	55	4	STT9338.OSCHP
312	7	83568746	108960292	1947	TotalCN	4	0.453	0.489	55	4	STT9338.OSCHP
313	7	108968769	109216563	19	TotalCN	3	0.34	NaN	55	4	STT9338.OSCHP
314	7	109230184	121530144	1021	TotalCN	4	0.464	0.487	55	4	STT9338.OSCHP
315	7	121549374	121789467	19	TotalCN	3	0.365	NaN	55	4	STT9338.OSCHP
316	7	121797265	151179938	2407	TotalCN	4	0.442	0.486	55	4	STT9338.OSCHP
317	7	151180363	151221139	19	TotalCN	3	0.29	NaN	55	4	STT9338.OSCHP
318	7	151223891	151826570	56	TotalCN	4	0.37	0.487	55	4	STT9338.OSCHP
319	7	151830712	152067728	46	TotalCN	3	0.29	NaN	55	4	STT9338.OSCHP
320	7	152067841	153533128	116	TotalCN	4	0.421	0.487	55	4	STT9338.OSCHP
321	7	153553330	159118443	383	TotalCN	1.5	-0.093	0.227	55	4	STT9338.OSCHP
322	8	172417	3127119	476	TotalCN	3	0.192	0.184	55	4	STT9338.OSCHP
323	8	3134649	4977252	433	TotalCN	4	0.397	0.341	55	4	STT9338.OSCHP
324	8	4993943	9718278	259	TotalCN	7	0.91	0.457	55	4	STT9338.OSCHP
325	8	9729939	10062543	23	TotalCN	6	0.843	NaN	55	4	STT9338.OSCHP
326	8	10068889	10602829	34	TotalCN	7	0.983	0.459	55	4	STT9338.OSCHP
327	8	10620026	10864696	18	TotalCN	8	1.115	NaN	55	4	STT9338.OSCHP
328	8	10881408	11783036	86	TotalCN	7	0.945	0.468	55	4	STT9338.OSCHP
329	8	11813909	17739538	405	TotalCN	11	1.386	0.396	55	4	STT9338.OSCHP
330	8	17763567	17909492	33	TotalCN	9	1.255	NaN	55	4	STT9338.OSCHP
331	8	17911905	18019252	19	TotalCN	8	1.069	NaN	55	4	STT9338.OSCHP
332	8	18020696	21287280	330	TotalCN	10	1.346	0.394	55	4	STT9338.OSCHP
333	8	21303016	23019654	150	TotalCN	8	1.086	0.495	55	4	STT9338.OSCHP
334	8	23034081	26699067	278	TotalCN	10	1.314	0.396	55	4	STT9338.OSCHP
335	8	26712981	30427612	300	TotalCN	12	1.501	0.481	55	4	STT9338.OSCHP
336	8	30436779	38139729	537	TotalCN	10	1.371	0.392	55	4	STT9338.OSCHP
337	8	38143357	38272814	32	TotalCN	9	1.213	NaN	55	4	STT9338.OSCHP
338	8	38276748	38725194	55	TotalCN	10	1.288	0.399	55	4	STT9338.OSCHP
339	8	38748612	39223656	33	TotalCN	9	1.254	NaN	55	4	STT9338.OSCHP
340	8	39239834	39502217	18	TotalCN	0	-1.106	NaN	55	4	STT9338.OSCHP
341	8	39505826	40456407	64	TotalCN	10	1.318	0.397	55	4	STT9338.OSCHP
342	8	40478096	42184366	151	TotalCN	8	1.117	0.487	55	4	STT9338.OSCHP
343	8	42186203	42870375	71	TotalCN	7	0.984	0.487	55	4	STT9338.OSCHP
344	8	42877610	43767534	62	TotalCN	6	0.805	NaN	55	4	STT9338.OSCHP
345	8	46896972	47451829	38	TotalCN	2	0.052	NaN	55	4	STT9338.OSCHP
346	8	47463201	49462954	201	TotalCN	4	0.402	NaN	55	4	STT9338.OSCHP
347	8	49469523	51773835	153	TotalCN	6	0.854	0.371	55	4	STT9338.OSCHP
348	8	51777277	54320473	173	TotalCN	4	0.438	0.149	55	4	STT9338.OSCHP
349	8	54335017	60844600	491	TotalCN	8	1.087	0.095	55	4	STT9338.OSCHP
350	8	60855753	61148062	20	TotalCN	9	1.18	0.234	55	4	STT9338.OSCHP
351	8	61158053	67786633	442	TotalCN	7	1.05	0.098	55	4	STT9338.OSCHP
352	8	67796651	68053625	18	TotalCN	8	1.102	NaN	55	4	STT9338.OSCHP
353	8	68059210	127254484	5030	TotalCN	7	1.004	0.1	55	4	STT9338.OSCHP
354	8	127267251	144075281	1340	TotalCN	9	1.199	0.089	55	4	STT9338.OSCHP
355	8	144095668	146292734	176	TotalCN	7	0.97	0.081	55	4	STT9338.OSCHP
356	9	204738	1646654	98	TotalCN	5	0.667	0.299	55	4	STT9338.OSCHP
357	9	1669625	44893094	3124	TotalCN	3	0.245	0.393	55	4	STT9338.OSCHP
358	9	68170421	115570114	3276	TotalCN	5	0.636	0.291	55	4	STT9338.OSCHP
359	9	115589251	141054761	2033	TotalCN	3	0.23	0.399	55	4	STT9338.OSCHP
360	10	126070	2235341	205	TotalCN	6	0.796	0.121	55	4	STT9338.OSCHP
361	10	2250665	6475698	298	TotalCN	8	1.115	0.325	55	4	STT9338.OSCHP
362	10	6487428	31434499	1842	TotalCN	6	0.899	0.351	55	4	STT9338.OSCHP
363	10	31461703	31806009	24	TotalCN	7	1.026	NaN	55	4	STT9338.OSCHP
364	10	31818861	35366878	236	TotalCN	10	1.241	0.489	55	4	STT9338.OSCHP
365	10	35385973	39146676	233	TotalCN	6	0.902	0.415	55	4	STT9338.OSCHP
366	10	42413322	43346730	49	TotalCN	5	0.789	0.417	55	4	STT9338.OSCHP
367	10	43356959	46163327	218	TotalCN	8	1.075	0.404	55	4	STT9338.OSCHP
368	10	46169848	51504493	245	TotalCN	5	0.646	0.43	55	4	STT9338.OSCHP
369	10	51506957	51795395	57	TotalCN	7	1.035	NaN	55	4	STT9338.OSCHP
370	10	51832748	57001859	345	TotalCN	5	0.646	0.437	55	4	STT9338.OSCHP
371	10	57004292	58492254	108	TotalCN	4	0.608	0.47	55	4	STT9338.OSCHP
372	10	58505135	60002345	101	TotalCN	6	0.66	0.47	55	4	STT9338.OSCHP
373	10	60014325	60361270	23	TotalCN	4	0.522	NaN	55	4	STT9338.OSCHP
374	10	60368566	74020044	1019	TotalCN	5	0.634	0.449	55	4	STT9338.OSCHP
375	10	74036429	75387549	94	TotalCN	4	0.428	NaN	55	4	STT9338.OSCHP
376	10	75426777	79247104	293	TotalCN	5	0.603	0.437	55	4	STT9338.OSCHP
377	10	79253986	80472205	85	TotalCN	6	0.709	0.477	55	4	STT9338.OSCHP
378	10	80478501	83192498	184	TotalCN	5	0.628	0.447	55	4	STT9338.OSCHP
379	10	83204452	83487481	19	TotalCN	4	0.588	NaN	55	4	STT9338.OSCHP
380	10	83494206	83760070	37	TotalCN	5	0.664	0.465	55	4	STT9338.OSCHP
381	10	83765224	83853872	19	TotalCN	4	0.528	NaN	55	4	STT9338.OSCHP
382	10	83859375	88436490	432	TotalCN	5	0.601	0.451	55	4	STT9338.OSCHP
383	10	88449377	89703133	258	TotalCN	4	0.562	0.459	55	4	STT9338.OSCHP
384	10	89704719	103133249	960	TotalCN	5	0.61	0.445	55	4	STT9338.OSCHP
385	10	103144199	103408569	19	TotalCN	4	0.4	NaN	55	4	STT9338.OSCHP
386	10	103422758	108131003	381	TotalCN	5	0.627	0.447	55	4	STT9338.OSCHP
387	10	108139705	108743494	44	TotalCN	6	0.634	0.473	55	4	STT9338.OSCHP
388	10	108765792	112610839	257	TotalCN	5	0.657	0.435	55	4	STT9338.OSCHP
389	10	112624417	120413240	538	TotalCN	4	0.6	0.467	55	4	STT9338.OSCHP
390	10	120426849	135434303	1072	TotalCN	5	0.602	0.453	55	4	STT9338.OSCHP
391	11	192764	9020897	724	TotalCN	3	0.204	0.167	55	4	STT9338.OSCHP
392	11	9035875	18261203	638	TotalCN	2	-0.04	0.214	55	4	STT9338.OSCHP
393	11	18278098	18770822	39	TotalCN	5	0.608	NaN	55	4	STT9338.OSCHP
394	11	18785042	41920416	1622	TotalCN	4	0.547	0.486	55	4	STT9338.OSCHP
395	11	41944671	42209292	19	TotalCN	6	0.682	0.488	55	4	STT9338.OSCHP
396	11	42230869	44107118	127	TotalCN	4	0.534	0.484	55	4	STT9338.OSCHP
397	11	44113563	44257802	29	TotalCN	3	0.329	NaN	55	4	STT9338.OSCHP
398	11	44262681	48685384	317	TotalCN	4	0.537	0.483	55	4	STT9338.OSCHP
399	11	48694871	50449192	104	TotalCN	6	0.818	0.473	55	4	STT9338.OSCHP
400	11	50462913	51575951	44	TotalCN	5	0.689	0.117	55	4	STT9338.OSCHP
401	11	54795357	60965461	416	TotalCN	4	0.46	0.149	55	4	STT9338.OSCHP
402	11	61014583	68129679	582	TotalCN	8	0.944	0.471	55	4	STT9338.OSCHP
403	11	68177510	70548853	298	TotalCN	7	1	0.465	55	4	STT9338.OSCHP
404	11	70569565	70834129	18	TotalCN	5	0.729	0.425	55	4	STT9338.OSCHP
405	11	70846961	134938847	4970	TotalCN	2	-0.007	0.217	55	4	STT9338.OSCHP
406	12	189400	5113720	531	TotalCN	3	0.241	0.389	55	4	STT9338.OSCHP
407	12	5131947	23330149	1476	TotalCN	2	-0.05	0.216	55	4	STT9338.OSCHP
408	12	23345722	25901024	216	TotalCN	3	0.26	0.391	55	4	STT9338.OSCHP
409	12	25916373	27555786	120	TotalCN	2	-0.082	0.217	55	4	STT9338.OSCHP
410	12	27573633	27817525	19	TotalCN	3	0.243	NaN	55	4	STT9338.OSCHP
411	12	27832347	29580127	120	TotalCN	5	0.694	0.464	55	4	STT9338.OSCHP
412	12	29582665	31698051	151	TotalCN	8	1.187	0.3	55	4	STT9338.OSCHP
413	12	31722352	34828211	218	TotalCN	6	0.877	0.349	55	4	STT9338.OSCHP
414	12	37902988	41615499	263	TotalCN	5	0.715	0.415	55	4	STT9338.OSCHP
415	12	41623334	43090701	99	TotalCN	3	0.369	0.162	55	4	STT9338.OSCHP
416	12	43111690	45726615	176	TotalCN	5	0.609	0.294	55	4	STT9338.OSCHP
417	12	45734773	133818115	6956	TotalCN	3	0.322	0.162	55	4	STT9338.OSCHP
418	13	19084823	32934176	1129	TotalCN	5	0.595	0.132	55	4	STT9338.OSCHP
419	13	32934911	33147888	62	TotalCN	4	0.589	0.162	55	4	STT9338.OSCHP
420	13	33161459	48919612	1277	TotalCN	5	0.63	0.129	55	4	STT9338.OSCHP
421	13	48920908	49018370	101	TotalCN	4	0.592	NaN	55	4	STT9338.OSCHP
422	13	49019670	54760033	418	TotalCN	5	0.638	0.127	55	4	STT9338.OSCHP
423	13	54780049	69862654	1022	TotalCN	4	0.602	0.142	55	4	STT9338.OSCHP
424	13	69871275	113501620	3819	TotalCN	7	0.973	0.103	55	4	STT9338.OSCHP
425	13	113517833	115103150	106	TotalCN	8	1.108	0.101	55	4	STT9338.OSCHP
426	14	20219083	21236181	77	TotalCN	8	1.055	0.488	55	4	STT9338.OSCHP
427	14	21259573	21607930	24	TotalCN	7	0.939	NaN	55	4	STT9338.OSCHP
428	14	21623836	22175143	53	TotalCN	8	0.989	0.487	55	4	STT9338.OSCHP
429	14	22185657	22262039	19	TotalCN	7	0.949	NaN	55	4	STT9338.OSCHP
430	14	22267639	29244248	568	TotalCN	8	1.095	0.488	55	4	STT9338.OSCHP
431	14	29261974	29520584	18	TotalCN	6	0.865	NaN	55	4	STT9338.OSCHP
432	14	29536996	31069204	104	TotalCN	4	0.402	0.159	55	4	STT9338.OSCHP
433	14	31090558	41082916	755	TotalCN	6	0.787	0.389	55	4	STT9338.OSCHP
434	14	41104823	58560475	1232	TotalCN	3	0.36	0.16	55	4	STT9338.OSCHP
435	14	58568802	58925726	25	TotalCN	4	0.5	NaN	55	4	STT9338.OSCHP
436	14	58947365	62108125	211	TotalCN	6	0.787	0.398	55	4	STT9338.OSCHP
437	14	62120575	62782664	79	TotalCN	5	0.724	0.394	55	4	STT9338.OSCHP
438	14	62806845	63098017	21	TotalCN	6	0.872	NaN	55	4	STT9338.OSCHP
439	14	63114386	65039860	164	TotalCN	5	0.733	0.4	55	4	STT9338.OSCHP
440	14	65044120	65308083	18	TotalCN	6	0.846	NaN	55	4	STT9338.OSCHP
441	14	65317844	65408509	18	TotalCN	5	0.719	NaN	55	4	STT9338.OSCHP
442	14	65412441	67004544	134	TotalCN	6	0.787	0.384	55	4	STT9338.OSCHP
443	14	67010937	71246041	497	TotalCN	5	0.704	0.39	55	4	STT9338.OSCHP
444	14	71260091	72318430	71	TotalCN	9	1.224	0.446	55	4	STT9338.OSCHP
445	14	72336269	74987572	176	TotalCN	8	0.999	0.484	55	4	STT9338.OSCHP
446	14	75001997	75985383	81	TotalCN	5	0.772	0.413	55	4	STT9338.OSCHP
447	14	76010981	106720521	2308	TotalCN	3	0.374	0.16	55	4	STT9338.OSCHP
448	14	106729508	106881137	31	TotalCN	4	0.332	0.052	55	4	STT9338.OSCHP
449	14	106888912	106978903	19	TotalCN	2	0.026	NaN	55	4	STT9338.OSCHP
450	14	106982835	107282024	53	TotalCN	3	0.312	NaN	55	4	STT9338.OSCHP
451	15	20161372	42400764	1377	TotalCN	5	0.689	0.317	55	4	STT9338.OSCHP
452	15	42415270	46616220	289	TotalCN	6	0.89	0.253	55	4	STT9338.OSCHP
453	15	46639808	52705694	454	TotalCN	5	0.726	0.314	55	4	STT9338.OSCHP
454	15	52710340	52965468	18	TotalCN	4	0.58	NaN	55	4	STT9338.OSCHP
455	15	52986962	54909888	129	TotalCN	5	0.765	0.32	55	4	STT9338.OSCHP
456	15	54919489	55262451	24	TotalCN	8	1.177	0.282	55	4	STT9338.OSCHP
457	15	55281181	63363901	592	TotalCN	4	0.489	0.364	55	4	STT9338.OSCHP
458	15	63379592	63675441	21	TotalCN	3	0.349	NaN	55	4	STT9338.OSCHP
459	15	63686327	64016627	39	TotalCN	4	0.514	NaN	55	4	STT9338.OSCHP
460	15	64023476	64131474	23	TotalCN	3	0.282	NaN	55	4	STT9338.OSCHP
461	15	64141495	72339503	593	TotalCN	4	0.537	0.363	55	4	STT9338.OSCHP
462	15	72355398	72551712	47	TotalCN	3	0.294	NaN	55	4	STT9338.OSCHP
463	15	72553422	74413911	154	TotalCN	4	0.476	0.361	55	4	STT9338.OSCHP
464	15	74415907	75156944	79	TotalCN	5	0.624	NaN	55	4	STT9338.OSCHP
465	15	75184084	102397317	2173	TotalCN	4	0.508	0.368	55	4	STT9338.OSCHP
466	16	83887	336660	19	TotalCN	4	0.374	0.489	55	4	STT9338.OSCHP
467	16	361873	1486352	76	TotalCN	2.5	0.233	0.489	55	4	STT9338.OSCHP
468	16	1506490	1774484	19	TotalCN	3	0.278	NaN	55	4	STT9338.OSCHP
469	16	1790665	7636718	560	TotalCN	4	0.41	0.488	55	4	STT9338.OSCHP
470	16	7637894	12661477	447	TotalCN	3	0.271	0.393	55	4	STT9338.OSCHP
471	16	12680330	26505557	901	TotalCN	5	0.618	0.294	55	4	STT9338.OSCHP
472	16	26522275	26961257	30	TotalCN	3	0.304	0.364	55	4	STT9338.OSCHP
473	16	26976149	33910861	380	TotalCN	5	0.623	0.299	55	4	STT9338.OSCHP
474	16	34197195	47864591	160	TotalCN	9	1.231	NaN	55	4	STT9338.OSCHP
475	16	47881167	50188929	166	TotalCN	16	1.765	0.263	55	4	STT9338.OSCHP
476	16	50203171	51743055	116	TotalCN	3	0.264	0.178	55	4	STT9338.OSCHP
477	16	51771624	58336291	450	TotalCN	2	-0.037	0.211	55	4	STT9338.OSCHP
478	16	58357576	60022166	112	TotalCN	3	0.256	0.181	55	4	STT9338.OSCHP
479	16	60027366	61793464	117	TotalCN	5	0.727	0.139	55	4	STT9338.OSCHP
480	16	61814381	68415246	480	TotalCN	4	0.512	0.152	55	4	STT9338.OSCHP
481	16	68434883	69115649	85	TotalCN	6	0.822	0.109	55	4	STT9338.OSCHP
482	16	69135049	90158005	1716	TotalCN	5	0.636	0.132	55	4	STT9338.OSCHP
483	17	400959	7526399	558	TotalCN	7	1.046	0.102	55	4	STT9338.OSCHP
484	17	7529184	7583748	53	TotalCN	0	-1.045	NaN	55	4	STT9338.OSCHP
485	17	7585449	10025298	242	TotalCN	8	1.113	0.095	55	4	STT9338.OSCHP
486	17	10031090	16776755	509	TotalCN	7	1.011	0.103	55	4	STT9338.OSCHP
487	17	16783273	22217883	379	TotalCN	10	1.329	0.079	55	4	STT9338.OSCHP
488	17	25326941	28037923	226	TotalCN	6	0.819	0.122	55	4	STT9338.OSCHP
489	17	28059970	78999327	4344	TotalCN	4	0.425	0.15	55	4	STT9338.OSCHP
490	17	79024637	80263427	102	TotalCN	3	0.117	0.154	55	4	STT9338.OSCHP
491	18	12842	4064082	316	TotalCN	5	0.7	0.378	55	4	STT9338.OSCHP
492	18	4084386	15377471	756	TotalCN	6	0.793	0.389	55	4	STT9338.OSCHP
493	18	18554307	19992466	96	TotalCN	3	0.331	0.152	55	4	STT9338.OSCHP
494	18	20026622	20696770	46	TotalCN	5	0.741	NaN	55	4	STT9338.OSCHP
495	18	20707115	21378989	47	TotalCN	6	0.804	0.376	55	4	STT9338.OSCHP
496	18	21392678	28839294	587	TotalCN	4	0.449	0.159	55	4	STT9338.OSCHP
497	18	28845479	30333190	102	TotalCN	6	0.749	0.38	55	4	STT9338.OSCHP
498	18	30339291	30675386	21	TotalCN	5	0.721	NaN	55	4	STT9338.OSCHP
499	18	30696277	73013238	3281	TotalCN	4	0.428	0.152	55	4	STT9338.OSCHP
500	18	73023332	77706294	323	TotalCN	5	0.724	0.11	55	4	STT9338.OSCHP
501	18	77713591	78007784	20	TotalCN	9	1.239	NaN	55	4	STT9338.OSCHP
502	19	247232	3076808	316	TotalCN	4	0.459	0.442	55	4	STT9338.OSCHP
503	19	3093163	3414088	23	TotalCN	3	0.274	NaN	55	4	STT9338.OSCHP
504	19	3432284	6246479	219	TotalCN	4	0.492	0.437	55	4	STT9338.OSCHP
505	19	6254699	21973929	1397	TotalCN	6	0.81	0.477	55	4	STT9338.OSCHP
506	19	21989391	22613229	38	TotalCN	5	0.672	NaN	55	4	STT9338.OSCHP
507	19	22628842	24544320	127	TotalCN	6	0.702	0.475	55	4	STT9338.OSCHP
508	19	27754573	28290075	29	TotalCN	4	0.483	NaN	55	4	STT9338.OSCHP
509	19	28296180	28823887	36	TotalCN	5	0.704	NaN	55	4	STT9338.OSCHP
510	19	28843257	30330444	136	TotalCN	8	0.956	0.472	55	4	STT9338.OSCHP
511	19	30331585	30455280	18	TotalCN	7	1.038	NaN	55	4	STT9338.OSCHP
512	19	30478431	33199783	185	TotalCN	5	0.743	0.432	55	4	STT9338.OSCHP
513	19	33213199	34442546	147	TotalCN	4	0.553	0.47	55	4	STT9338.OSCHP
514	19	34466851	38990146	308	TotalCN	5	0.595	0.44	55	4	STT9338.OSCHP
515	19	38993638	43652526	581	TotalCN	4	0.53	0.444	55	4	STT9338.OSCHP
516	19	43658826	44027120	22	TotalCN	5	0.682	NaN	55	4	STT9338.OSCHP
517	19	44029744	47658482	375	TotalCN	4	0.569	0.459	55	4	STT9338.OSCHP
518	19	47665006	58101310	811	TotalCN	5	0.578	0.446	55	4	STT9338.OSCHP
519	19	58116143	59093239	67	TotalCN	8	1.153	0.387	55	4	STT9338.OSCHP
520	20	69094	1300456	96	TotalCN	5	0.618	0.424	55	4	STT9338.OSCHP
521	20	1307888	6548863	370	TotalCN	4	0.43	0.487	55	4	STT9338.OSCHP
522	20	6564919	26309255	2132	TotalCN	7	0.95	0.344	55	4	STT9338.OSCHP
523	20	29519156	32819871	265	TotalCN	5	0.676	0.432	55	4	STT9338.OSCHP
524	20	32842357	33999267	78	TotalCN	4	0.495	NaN	55	4	STT9338.OSCHP
525	20	34007515	44004631	740	TotalCN	5	0.662	0.437	55	4	STT9338.OSCHP
526	20	44013089	46321676	213	TotalCN	7	0.977	0.35	55	4	STT9338.OSCHP
527	20	46332216	47224787	60	TotalCN	9	1.162	0.448	55	4	STT9338.OSCHP
528	20	47244931	62230706	1066	TotalCN	7	0.961	0.349	55	4	STT9338.OSCHP
529	20	62246541	62912463	71	TotalCN	9	1.258	0.284	55	4	STT9338.OSCHP
530	21	9648315	21213035	416	TotalCN	2	0.026	0.22	55	4	STT9338.OSCHP
531	21	21234745	28899568	512	TotalCN	4	0.52	0.489	55	4	STT9338.OSCHP
532	21	28906329	29171627	18	TotalCN	5	0.605	NaN	55	4	STT9338.OSCHP
533	21	29186963	30080833	60	TotalCN	4	0.497	0.477	55	4	STT9338.OSCHP
534	21	30093850	30459244	25	TotalCN	3	0.333	NaN	55	4	STT9338.OSCHP
535	21	30478353	48097610	1318	TotalCN	4	0.509	0.487	55	4	STT9338.OSCHP
536	22	16054713	18647422	158	TotalCN	6	0.738	0.48	55	4	STT9338.OSCHP
537	22	18649861	21001422	187	TotalCN	5	0.67	0.45	55	4	STT9338.OSCHP
538	22	21028946	21264425	24	TotalCN	6	0.829	NaN	55	4	STT9338.OSCHP
539	22	21266239	22555636	153	TotalCN	5	0.656	0.393	55	4	STT9338.OSCHP
540	22	22561610	22670204	21	TotalCN	6	0.809	NaN	55	4	STT9338.OSCHP
541	22	22671741	24341388	157	TotalCN	5	0.711	0.422	55	4	STT9338.OSCHP
542	22	24346428	24390318	20	TotalCN	0	-2.681	0.476	55	4	STT9338.OSCHP
543	22	24394088	28288161	283	TotalCN	5	0.636	0.44	55	4	STT9338.OSCHP
544	22	28298336	29352495	82	TotalCN	4	0.52	NaN	55	4	STT9338.OSCHP
545	22	29361159	40799254	884	TotalCN	5	0.667	0.446	55	4	STT9338.OSCHP
546	22	40803367	41498627	93	TotalCN	4	0.53	NaN	55	4	STT9338.OSCHP
547	22	41502451	51213826	734	TotalCN	5	0.649	0.46	55	4	STT9338.OSCHP
548	24	177942	18408836	1257	TotalCN	1.5	-0.101	0.216	55	4	STT9338.OSCHP
549	24	18442167	19191059	59	TotalCN	4	0.455	0.483	55	4	STT9338.OSCHP
550	24	19213417	20214623	72	TotalCN	3	0.338	NaN	55	4	STT9338.OSCHP
551	24	20217370	22235161	143	TotalCN	4	0.461	0.484	55	4	STT9338.OSCHP
552	24	22254823	22516941	19	TotalCN	3	0.361	NaN	55	4	STT9338.OSCHP
553	24	22542726	28699530	428	TotalCN	4	0.477	0.486	55	4	STT9338.OSCHP
554	24	28709058	30705282	151	TotalCN	5	0.654	0.45	55	4	STT9338.OSCHP
555	24	30715827	30990249	20	TotalCN	4	0.503	NaN	55	4	STT9338.OSCHP
556	24	31019250	36132970	437	TotalCN	5	0.666	0.448	55	4	STT9338.OSCHP
557	24	36142440	37204088	70	TotalCN	4	0.564	NaN	55	4	STT9338.OSCHP
558	24	37220118	39111914	140	TotalCN	5	0.643	0.433	55	4	STT9338.OSCHP
559	24	39136102	58470802	1438	TotalCN	4	0.591	0.463	55	4	STT9338.OSCHP
560	24	61732394	66135786	315	TotalCN	3	0.326	NaN	55	4	STT9338.OSCHP
561	24	66160887	67810544	356	TotalCN	4	0.403	NaN	55	4	STT9338.OSCHP
562	24	67836008	69528014	116	TotalCN	5	0.779	0.122	55	4	STT9338.OSCHP
563	24	69546546	71561373	200	TotalCN	4	0.382	0.15	55	4	STT9338.OSCHP
564	24	71574297	73174050	115	TotalCN	6	0.916	0.098	55	4	STT9338.OSCHP
565	24	73180909	75587617	164	TotalCN	5	0.618	0.121	55	4	STT9338.OSCHP
566	24	75608847	112024157	2587	TotalCN	1	-0.36	0.279	55	4	STT9338.OSCHP
567	24	112037267	112459170	28	TotalCN	3	0.316	0.162	55	4	STT9338.OSCHP
568	24	112472113	117451345	331	TotalCN	1	-0.391	0.269	55	4	STT9338.OSCHP
569	24	117467202	117926781	37	TotalCN	3	0.378	0.208	55	4	STT9338.OSCHP
570	24	117929866	126503298	597	TotalCN	1	-0.366	0.276	55	4	STT9338.OSCHP
571	24	126517396	151392434	1808	TotalCN	4	0.625	0.334	55	4	STT9338.OSCHP
572	24	151415874	155219364	302	TotalCN	6	0.894	NaN	55	4	STT9338.OSCHP
573	25	2660163	28799935	614	TotalCN	0	-3.282	0.354	55	4	STT9338.OSCHP
1	1	754192	121350934	9085	LOH	0	-	-	55	4	STT9338.OSCHP
2	1	144009053	147830492	223	LOH	0	-	-	55	4	STT9338.OSCHP
3	1	149044448	151844650	215	LOH	0	-	-	55	4	STT9338.OSCHP
4	1	151846517	156303527	401	LOH	1	-	-	55	4	STT9338.OSCHP
5	1	156314104	157612470	147	LOH	0	-	-	55	4	STT9338.OSCHP
6	1	157623017	162668008	400	LOH	1	-	-	55	4	STT9338.OSCHP
7	1	162676698	165645370	254	LOH	0	-	-	55	4	STT9338.OSCHP
8	1	165676606	168852043	228	LOH	1	-	-	55	4	STT9338.OSCHP
9	1	168862571	170642899	130	LOH	0	-	-	55	4	STT9338.OSCHP
10	1	170646029	185394176	1150	LOH	1	-	-	55	4	STT9338.OSCHP
11	1	185410342	192726690	546	LOH	0	-	-	55	4	STT9338.OSCHP
12	1	192740939	196412816	277	LOH	1	-	-	55	4	STT9338.OSCHP
13	1	196425133	200665977	288	LOH	0	-	-	55	4	STT9338.OSCHP
14	1	200679613	214859676	1052	LOH	1	-	-	55	4	STT9338.OSCHP
15	1	214888381	216807520	142	LOH	0	-	-	55	4	STT9338.OSCHP
16	1	216816881	249212878	2549	LOH	1	-	-	55	4	STT9338.OSCHP
17	2	21494	1834745	128	LOH	0	-	-	55	4	STT9338.OSCHP
18	2	1848310	7244036	374	LOH	1	-	-	55	4	STT9338.OSCHP
19	2	7256592	8751463	100	LOH	0	-	-	55	4	STT9338.OSCHP
20	2	8756183	22256806	1039	LOH	1	-	-	55	4	STT9338.OSCHP
21	2	22266313	22845519	40	LOH	0	-	-	55	4	STT9338.OSCHP
22	2	22871904	26667130	295	LOH	1	-	-	55	4	STT9338.OSCHP
23	2	26692316	30380923	468	LOH	0	-	-	55	4	STT9338.OSCHP
24	2	30403762	38635682	578	LOH	1	-	-	55	4	STT9338.OSCHP
25	2	38648077	41469074	239	LOH	0	-	-	55	4	STT9338.OSCHP
26	2	41475462	44584314	269	LOH	1	-	-	55	4	STT9338.OSCHP
27	2	44604941	52573117	595	LOH	0	-	-	55	4	STT9338.OSCHP
28	2	52588775	55123160	169	LOH	1	-	-	55	4	STT9338.OSCHP
29	2	55124747	60613776	369	LOH	0	-	-	55	4	STT9338.OSCHP
30	2	60624939	78532705	1004	LOH	1	-	-	55	4	STT9338.OSCHP
31	2	78559126	90245035	580	LOH	0	-	-	55	4	STT9338.OSCHP
32	2	91866487	91866487	1	LOH	0	-	-	55	4	STT9338.OSCHP
33	2	95429197	133952040	2572	LOH	0	-	-	55	4	STT9338.OSCHP
34	2	133952685	137527705	197	LOH	1	-	-	55	4	STT9338.OSCHP
35	2	137527965	224675495	6684	LOH	0	-	-	55	4	STT9338.OSCHP
36	2	224693416	243052331	1293	LOH	1	-	-	55	4	STT9338.OSCHP
37	3	63411	86256530	6961	LOH	1	-	-	55	4	STT9338.OSCHP
38	3	86268067	90473621	306	LOH	0	-	-	55	4	STT9338.OSCHP
39	3	93517443	118624369	1713	LOH	0	-	-	55	4	STT9338.OSCHP
40	3	118640733	121197068	266	LOH	1	-	-	55	4	STT9338.OSCHP
41	3	121208176	164438520	3092	LOH	0	-	-	55	4	STT9338.OSCHP
42	3	164452362	167117143	178	LOH	1	-	-	55	4	STT9338.OSCHP
43	3	167121000	177912681	772	LOH	0	-	-	55	4	STT9338.OSCHP
44	3	177917303	181126962	266	LOH	1	-	-	55	4	STT9338.OSCHP
45	3	181146051	185428705	295	LOH	0	-	-	55	4	STT9338.OSCHP
46	3	185440960	188026277	231	LOH	1	-	-	55	4	STT9338.OSCHP
47	3	188028097	194924130	646	LOH	0	-	-	55	4	STT9338.OSCHP
48	3	194934634	197852564	244	LOH	1	-	-	55	4	STT9338.OSCHP
49	4	71566	49092454	3083	LOH	0	-	-	55	4	STT9338.OSCHP
50	4	52684891	55482818	245	LOH	0	-	-	55	4	STT9338.OSCHP
51	4	55494332	59026993	304	LOH	1	-	-	55	4	STT9338.OSCHP
52	4	59037126	64198463	420	LOH	0	-	-	55	4	STT9338.OSCHP
53	4	64218567	79132398	1017	LOH	1	-	-	55	4	STT9338.OSCHP
54	4	79138857	81327961	174	LOH	0	-	-	55	4	STT9338.OSCHP
55	4	81339067	92652341	810	LOH	1	-	-	55	4	STT9338.OSCHP
56	4	92672743	93405850	50	LOH	0	-	-	55	4	STT9338.OSCHP
57	4	93428335	96375818	199	LOH	1	-	-	55	4	STT9338.OSCHP
58	4	96379607	98509130	142	LOH	0	-	-	55	4	STT9338.OSCHP
59	4	98513928	143009081	2729	LOH	1	-	-	55	4	STT9338.OSCHP
60	4	143009966	143231628	190	LOH	0	-	-	55	4	STT9338.OSCHP
61	4	143232848	146768394	336	LOH	1	-	-	55	4	STT9338.OSCHP
62	4	146788035	150009235	215	LOH	0	-	-	55	4	STT9338.OSCHP
63	4	150022475	163816862	805	LOH	1	-	-	55	4	STT9338.OSCHP
64	4	163871978	165434864	78	LOH	0	-	-	55	4	STT9338.OSCHP
65	4	165456150	171531207	267	LOH	1	-	-	55	4	STT9338.OSCHP
66	4	171603479	173001831	45	LOH	0	-	-	55	4	STT9338.OSCHP
67	4	173002046	176538654	138	LOH	1	-	-	55	4	STT9338.OSCHP
68	4	176545639	177608707	69	LOH	0	-	-	55	4	STT9338.OSCHP
69	4	177609609	190915650	951	LOH	1	-	-	55	4	STT9338.OSCHP
70	5	38139	46401271	3231	LOH	0	-	-	55	4	STT9338.OSCHP
71	5	49441966	68828372	1383	LOH	0	-	-	55	4	STT9338.OSCHP
72	5	70306678	180698312	7721	LOH	0	-	-	55	4	STT9338.OSCHP
73	6	204909	40731370	2520	LOH	0	-	-	55	4	STT9338.OSCHP
74	6	40750039	46925176	478	LOH	1	-	-	55	4	STT9338.OSCHP
75	6	46941988	58770502	832	LOH	0	-	-	55	4	STT9338.OSCHP
76	6	61886393	67653117	213	LOH	0	-	-	55	4	STT9338.OSCHP
77	6	67724162	72037276	237	LOH	1	-	-	55	4	STT9338.OSCHP
78	6	72040511	78191262	349	LOH	0	-	-	55	4	STT9338.OSCHP
79	6	78191811	84029716	300	LOH	1	-	-	55	4	STT9338.OSCHP
80	6	84030582	86114837	112	LOH	0	-	-	55	4	STT9338.OSCHP
81	6	86160703	91223044	321	LOH	1	-	-	55	4	STT9338.OSCHP
82	6	91227681	102617492	786	LOH	0	-	-	55	4	STT9338.OSCHP
83	6	102626292	114622214	1020	LOH	1	-	-	55	4	STT9338.OSCHP
84	6	114636559	116325142	113	LOH	0	-	-	55	4	STT9338.OSCHP
85	6	116347432	119803028	298	LOH	1	-	-	55	4	STT9338.OSCHP
86	6	119819043	129556517	666	LOH	0	-	-	55	4	STT9338.OSCHP
87	6	129571330	132635480	204	LOH	1	-	-	55	4	STT9338.OSCHP
88	6	132655551	137076010	343	LOH	0	-	-	55	4	STT9338.OSCHP
89	6	137087967	140752223	272	LOH	1	-	-	55	4	STT9338.OSCHP
90	6	140766866	143069315	155	LOH	0	-	-	55	4	STT9338.OSCHP
91	6	143090633	170913051	2243	LOH	1	-	-	55	4	STT9338.OSCHP
92	7	41421	58011645	4475	LOH	0	-	-	55	4	STT9338.OSCHP
93	7	61064518	63618118	80	LOH	1	-	-	55	4	STT9338.OSCHP
94	7	63622315	153443264	6978	LOH	0	-	-	55	4	STT9338.OSCHP
95	7	153466623	159118443	384	LOH	1	-	-	55	4	STT9338.OSCHP
96	8	172417	3209638	533	LOH	1	-	-	55	4	STT9338.OSCHP
97	8	3211455	7004147	511	LOH	0	-	-	55	4	STT9338.OSCHP
98	8	8094763	43751375	2811	LOH	0	-	-	55	4	STT9338.OSCHP
99	8	46896972	146292734	8062	LOH	0	-	-	55	4	STT9338.OSCHP
100	9	204738	39184065	3213	LOH	0	-	-	55	4	STT9338.OSCHP
101	9	44098813	44893094	4	LOH	0	-	-	55	4	STT9338.OSCHP
102	9	68170421	68170421	1	LOH	0	-	-	55	4	STT9338.OSCHP
103	9	70984372	141054761	5300	LOH	0	-	-	55	4	STT9338.OSCHP
104	10	126070	39146676	2836	LOH	0	-	-	55	4	STT9338.OSCHP
105	10	42413322	73597960	2132	LOH	0	-	-	55	4	STT9338.OSCHP
106	10	73637226	76294175	180	LOH	1	-	-	55	4	STT9338.OSCHP
107	10	76317250	135434303	4526	LOH	0	-	-	55	4	STT9338.OSCHP
108	11	192764	19247285	1447	LOH	1	-	-	55	4	STT9338.OSCHP
109	11	19247612	51575951	2207	LOH	0	-	-	55	4	STT9338.OSCHP
110	11	54795357	56439065	103	LOH	0	-	-	55	4	STT9338.OSCHP
111	11	56446833	60521424	279	LOH	1	-	-	55	4	STT9338.OSCHP
112	11	60528198	70920722	900	LOH	0	-	-	55	4	STT9338.OSCHP
113	11	70933968	134938847	4927	LOH	1	-	-	55	4	STT9338.OSCHP
114	12	189400	5113720	530	LOH	0	-	-	55	4	STT9338.OSCHP
115	12	5131947	23388126	1479	LOH	1	-	-	55	4	STT9338.OSCHP
116	12	23409070	34828211	839	LOH	0	-	-	55	4	STT9338.OSCHP
117	12	37927248	45536244	519	LOH	0	-	-	55	4	STT9338.OSCHP
118	12	45562991	133818115	6958	LOH	1	-	-	55	4	STT9338.OSCHP
119	13	19084823	115103150	7910	LOH	0	-	-	55	4	STT9338.OSCHP
120	14	20219083	41256130	1627	LOH	0	-	-	55	4	STT9338.OSCHP
121	14	41261234	58059912	1186	LOH	1	-	-	55	4	STT9338.OSCHP
122	14	58070892	76306359	1546	LOH	0	-	-	55	4	STT9338.OSCHP
123	14	76321821	107282024	2389	LOH	1	-	-	55	4	STT9338.OSCHP
124	15	20161372	20212798	6	LOH	0	-	-	55	4	STT9338.OSCHP
125	15	22752399	102397317	5981	LOH	0	-	-	55	4	STT9338.OSCHP
126	16	83887	35271725	2457	LOH	0	-	-	55	4	STT9338.OSCHP
127	16	46461309	50742681	291	LOH	0	-	-	55	4	STT9338.OSCHP
128	16	50756774	60124006	647	LOH	1	-	-	55	4	STT9338.OSCHP
129	16	60144936	90158005	2378	LOH	0	-	-	55	4	STT9338.OSCHP
130	17	400959	22217883	1728	LOH	0	-	-	55	4	STT9338.OSCHP
131	17	25326941	29265621	305	LOH	0	-	-	55	4	STT9338.OSCHP
132	17	29279269	33287651	325	LOH	1	-	-	55	4	STT9338.OSCHP
133	17	33297065	33941051	43	LOH	0	-	-	55	4	STT9338.OSCHP
134	17	33968102	38855772	565	LOH	1	-	-	55	4	STT9338.OSCHP
135	17	38878827	39938469	71	LOH	0	-	-	55	4	STT9338.OSCHP
136	17	39947009	50988981	953	LOH	1	-	-	55	4	STT9338.OSCHP
137	17	51009320	51985182	66	LOH	0	-	-	55	4	STT9338.OSCHP
138	17	52000308	77013636	1908	LOH	1	-	-	55	4	STT9338.OSCHP
139	17	77018400	77029266	3	LOH	0	-	-	55	4	STT9338.OSCHP
140	17	77033044	80263427	387	LOH	1	-	-	55	4	STT9338.OSCHP
141	18	12842	15377471	1070	LOH	0	-	-	55	4	STT9338.OSCHP
142	18	18554307	22275091	251	LOH	0	-	-	55	4	STT9338.OSCHP
143	18	22282714	25292830	251	LOH	1	-	-	55	4	STT9338.OSCHP
144	18	25298934	31445703	447	LOH	0	-	-	55	4	STT9338.OSCHP
145	18	31451253	50516517	1460	LOH	1	-	-	55	4	STT9338.OSCHP
146	18	50517509	50652265	28	LOH	0	-	-	55	4	STT9338.OSCHP
147	18	50658914	65285279	1196	LOH	1	-	-	55	4	STT9338.OSCHP
148	18	65300789	67612382	170	LOH	0	-	-	55	4	STT9338.OSCHP
149	18	67617450	72696729	338	LOH	1	-	-	55	4	STT9338.OSCHP
150	18	72717123	78007784	364	LOH	0	-	-	55	4	STT9338.OSCHP
151	19	247232	24544320	2106	LOH	0	-	-	55	4	STT9338.OSCHP
152	19	27754573	59093239	2665	LOH	0	-	-	55	4	STT9338.OSCHP
153	20	69094	26309255	2580	LOH	0	-	-	55	4	STT9338.OSCHP
154	20	29519156	62912463	2491	LOH	0	-	-	55	4	STT9338.OSCHP
155	21	9648315	10964139	8	LOH	0	-	-	55	4	STT9338.OSCHP
156	21	14344537	21234745	407	LOH	1	-	-	55	4	STT9338.OSCHP
157	21	21251169	48097610	1928	LOH	0	-	-	55	4	STT9338.OSCHP
158	22	16054713	51213826	2714	LOH	0	-	-	55	4	STT9338.OSCHP
159	24	177942	18673253	1273	LOH	1	-	-	55	4	STT9338.OSCHP
160	24	18684794	58412929	2905	LOH	0	-	-	55	4	STT9338.OSCHP
161	24	61732394	67954838	615	LOH	1	-	-	55	4	STT9338.OSCHP
162	24	67975499	73889397	464	LOH	0	-	-	55	4	STT9338.OSCHP
163	24	73931218	126580098	3659	LOH	1	-	-	55	4	STT9338.OSCHP
164	24	126597411	155219364	2094	LOH	0	-	-	55	4	STT9338.OSCHP
