SegmentID	Chromosome	StartPosition	StopPosition	MarkerCount	Type	State	Median Log2 Ratio	Median BAF	% Aberr. Cells	TuScan Ploidy	FileName
89	1	754192	29503214	2489	TotalCN	2	0.052	0.489	NA	NA	STT9337.OSCHP
90	1	29518293	31330844	123	TotalCN	3	0.446	0.371	NA	NA	STT9337.OSCHP
91	1	31339570	33191406	165	TotalCN	3.67	0.677	0.476	NA	NA	STT9337.OSCHP
92	1	33230951	41809996	723	TotalCN	2.67	0.281	0.415	NA	NA	STT9337.OSCHP
93	1	41840197	43325682	111	TotalCN	3.67	0.729	0.474	NA	NA	STT9337.OSCHP
94	1	43326089	62106396	1603	TotalCN	2.67	0.342	0.419	NA	NA	STT9337.OSCHP
95	1	62143569	65605482	262	TotalCN	1.67	-0.18	0.418	NA	NA	STT9337.OSCHP
96	1	65625752	66200238	41	TotalCN	2	-0.108	NaN	NA	NA	STT9337.OSCHP
97	1	66216976	75374025	641	TotalCN	3	0.406	0.301	NA	NA	STT9337.OSCHP
98	1	75399214	86381650	778	TotalCN	3.67	0.705	0.246	NA	NA	STT9337.OSCHP
99	1	86407135	109492136	1808	TotalCN	2.67	0.334	0.305	NA	NA	STT9337.OSCHP
100	1	109519561	120166681	855	TotalCN	1.67	-0.135	0.423	NA	NA	STT9337.OSCHP
101	1	120181459	145258178	159	TotalCN	3	0.46	0.321	NA	NA	STT9337.OSCHP
102	1	145260908	156336792	842	TotalCN	2	-0.05	NaN	NA	NA	STT9337.OSCHP
103	1	156342917	156946099	86	TotalCN	3	0.48	NaN	NA	NA	STT9337.OSCHP
104	1	156963874	249212878	7114	TotalCN	2	-0.013	NaN	NA	NA	STT9337.OSCHP
105	2	21494	78837698	6088	TotalCN	2	0.006	NaN	NA	NA	STT9337.OSCHP
106	2	78852217	81690901	197	TotalCN	3	0.404	0.369	NA	NA	STT9337.OSCHP
107	2	81700508	87852863	366	TotalCN	4	0.763	0.489	NA	NA	STT9337.OSCHP
108	2	88295232	99146502	419	TotalCN	2.33	0.237	NaN	NA	NA	STT9337.OSCHP
109	2	99147872	114510193	1175	TotalCN	2.67	0.286	0.405	NA	NA	STT9337.OSCHP
110	2	114525193	224724493	8566	TotalCN	1.67	-0.198	0.439	NA	NA	STT9337.OSCHP
111	2	224732125	226701408	138	TotalCN	1	-0.726	NaN	NA	NA	STT9337.OSCHP
112	2	226714419	227719528	101	TotalCN	2	-0.065	NaN	NA	NA	STT9337.OSCHP
113	2	227733769	243052331	1052	TotalCN	1	-0.755	NaN	NA	NA	STT9337.OSCHP
114	3	63411	40737309	3148	TotalCN	2	0.04	0.1	NA	NA	STT9337.OSCHP
115	3	40754112	50759683	805	TotalCN	2.33	0.155	0.193	NA	NA	STT9337.OSCHP
116	3	50762822	52709259	243	TotalCN	2	0.06	NaN	NA	NA	STT9337.OSCHP
117	3	52714400	81534944	2535	TotalCN	2.33	0.143	0.194	NA	NA	STT9337.OSCHP
118	3	81546416	85158931	221	TotalCN	2	0.092	0.17	NA	NA	STT9337.OSCHP
119	3	85171302	90400831	363	TotalCN	2.33	0.233	0.145	NA	NA	STT9337.OSCHP
120	3	90418473	95932622	164	TotalCN	2.67	0.359	0.294	NA	NA	STT9337.OSCHP
121	3	95941123	189065156	6812	TotalCN	2	0.023	0.102	NA	NA	STT9337.OSCHP
122	3	189083242	197852564	746	TotalCN	2.33	0.184	0.092	NA	NA	STT9337.OSCHP
123	4	69404	49082906	3315	TotalCN	2.33	0.162	0.291	NA	NA	STT9337.OSCHP
124	4	49083507	143049980	6520	TotalCN	2	-0.019	NaN	NA	NA	STT9337.OSCHP
125	4	143051680	143174440	113	TotalCN	3	0.509	NaN	NA	NA	STT9337.OSCHP
126	4	143180590	181902645	2789	TotalCN	2	-0.042	NaN	NA	NA	STT9337.OSCHP
127	4	181915930	190915650	650	TotalCN	1.67	-0.109	NaN	NA	NA	STT9337.OSCHP
128	5	38139	24817726	1681	TotalCN	2	0.041	0.489	NA	NA	STT9337.OSCHP
129	5	24839823	29312755	304	TotalCN	2.33	0.113	0.491	NA	NA	STT9337.OSCHP
130	5	29329716	30149607	53	TotalCN	2.67	0.402	0.462	NA	NA	STT9337.OSCHP
131	5	30164476	52833426	1422	TotalCN	3	0.45	0.378	NA	NA	STT9337.OSCHP
132	5	52848593	53213945	25	TotalCN	3.33	0.572	0.45	NA	NA	STT9337.OSCHP
133	5	53219744	54644106	96	TotalCN	2	0.089	0.493	NA	NA	STT9337.OSCHP
134	5	54666993	61334307	497	TotalCN	3	0.455	0.375	NA	NA	STT9337.OSCHP
135	5	61353568	65121368	260	TotalCN	2	0.083	0.491	NA	NA	STT9337.OSCHP
136	5	65132797	66624872	102	TotalCN	3	0.473	0.384	NA	NA	STT9337.OSCHP
137	5	66634474	180698312	7920	TotalCN	2	0.072	0.489	NA	NA	STT9337.OSCHP
138	6	204909	13378677	953	TotalCN	2.33	0.223	NaN	NA	NA	STT9337.OSCHP
139	6	13384746	15792723	168	TotalCN	3.33	0.569	NaN	NA	NA	STT9337.OSCHP
140	6	15797817	26276650	786	TotalCN	2.33	0.177	NaN	NA	NA	STT9337.OSCHP
141	6	26279296	29398000	230	TotalCN	2	0.088	NaN	NA	NA	STT9337.OSCHP
142	6	29422092	50131554	1728	TotalCN	3	0.529	NaN	NA	NA	STT9337.OSCHP
143	6	50135942	55832956	443	TotalCN	3.67	0.725	0.35	NA	NA	STT9337.OSCHP
144	6	55836050	133185303	5413	TotalCN	2	0.059	NaN	NA	NA	STT9337.OSCHP
145	6	133207105	136415792	262	TotalCN	2.33	0.156	NaN	NA	NA	STT9337.OSCHP
146	6	136424959	170913051	2721	TotalCN	1.67	-0.168	NaN	NA	NA	STT9337.OSCHP
147	7	41421	21193137	1598	TotalCN	3	0.451	0.377	NA	NA	STT9337.OSCHP
148	7	21225260	27069689	413	TotalCN	3.67	0.721	0.322	NA	NA	STT9337.OSCHP
149	7	27089764	62525073	2517	TotalCN	3	0.408	0.377	NA	NA	STT9337.OSCHP
150	7	62547285	68214762	347	TotalCN	4	0.828	0.263	NA	NA	STT9337.OSCHP
151	7	68225416	153533128	6717	TotalCN	2	0.037	0.489	NA	NA	STT9337.OSCHP
152	7	153553330	159118443	383	TotalCN	1	-0.801	0.181	NA	NA	STT9337.OSCHP
153	8	172417	3088471	462	TotalCN	2	-0.083	NaN	NA	NA	STT9337.OSCHP
154	8	3089739	5142665	458	TotalCN	2.33	0.165	0.284	NA	NA	STT9337.OSCHP
155	8	5149309	12652105	423	TotalCN	3.33	0.579	0.473	NA	NA	STT9337.OSCHP
156	8	12663053	39223656	2158	TotalCN	4.33	0.861	0.47	NA	NA	STT9337.OSCHP
157	8	39239834	39502217	18	TotalCN	0.33	-1.983	NaN	NA	NA	STT9337.OSCHP
158	8	39505826	42869132	285	TotalCN	3.33	0.628	0.471	NA	NA	STT9337.OSCHP
159	8	42870375	43767534	63	TotalCN	2.67	0.347	NaN	NA	NA	STT9337.OSCHP
160	8	46896972	49469523	240	TotalCN	1.33	-0.359	NaN	NA	NA	STT9337.OSCHP
161	8	49483737	51637825	143	TotalCN	2.67	0.336	0.419	NA	NA	STT9337.OSCHP
162	8	51654055	54320473	182	TotalCN	1.67	-0.312	NaN	NA	NA	STT9337.OSCHP
163	8	54335017	68868480	1030	TotalCN	2.67	0.369	NaN	NA	NA	STT9337.OSCHP
164	8	68871757	112004764	3154	TotalCN	3	0.433	NaN	NA	NA	STT9337.OSCHP
165	8	112021630	113818268	500	TotalCN	2.67	0.376	NaN	NA	NA	STT9337.OSCHP
166	8	113818646	115173175	297	TotalCN	3	0.429	NaN	NA	NA	STT9337.OSCHP
167	8	115194679	116637685	128	TotalCN	3.33	0.553	NaN	NA	NA	STT9337.OSCHP
168	8	116644121	135294755	1603	TotalCN	3	0.421	NaN	NA	NA	STT9337.OSCHP
169	8	135313764	146292734	805	TotalCN	2.67	0.367	NaN	NA	NA	STT9337.OSCHP
170	9	204738	1685001	100	TotalCN	2	0.091	0.478	NA	NA	STT9337.OSCHP
171	9	1703671	28209655	2370	TotalCN	1.67	-0.184	0.42	NA	NA	STT9337.OSCHP
172	9	28222676	28551573	23	TotalCN	2	-0.095	0.393	NA	NA	STT9337.OSCHP
173	9	28572086	44183478	727	TotalCN	1.67	-0.212	0.42	NA	NA	STT9337.OSCHP
174	9	44867368	79702675	595	TotalCN	2.33	0.231	0.427	NA	NA	STT9337.OSCHP
175	9	79724132	79986057	19	TotalCN	2	0.134	NaN	NA	NA	STT9337.OSCHP
176	9	79997881	84262687	327	TotalCN	2.33	0.22	0.431	NA	NA	STT9337.OSCHP
177	9	84274151	84531447	19	TotalCN	2.67	0.299	NaN	NA	NA	STT9337.OSCHP
178	9	84567595	85473240	62	TotalCN	2	0.085	NaN	NA	NA	STT9337.OSCHP
179	9	85495552	115454504	2247	TotalCN	2.33	0.224	0.429	NA	NA	STT9337.OSCHP
180	9	115457659	115745072	18	TotalCN	2	0.202	NaN	NA	NA	STT9337.OSCHP
181	9	115756239	132205249	1264	TotalCN	1.67	-0.192	0.413	NA	NA	STT9337.OSCHP
182	9	132229326	132552936	19	TotalCN	1.33	-0.439	NaN	NA	NA	STT9337.OSCHP
183	9	132568500	132712579	20	TotalCN	1.67	-0.327	NaN	NA	NA	STT9337.OSCHP
184	9	132715449	132801374	18	TotalCN	2	-0.21	NaN	NA	NA	STT9337.OSCHP
185	9	132807905	138919134	489	TotalCN	1.67	-0.229	0.416	NA	NA	STT9337.OSCHP
186	9	138919208	140049776	89	TotalCN	1.33	-0.394	0.399	NA	NA	STT9337.OSCHP
187	9	140070638	141054761	125	TotalCN	1.67	-0.3	NaN	NA	NA	STT9337.OSCHP
188	10	126070	1803590	176	TotalCN	2.33	0.205	NaN	NA	NA	STT9337.OSCHP
189	10	1813242	6793861	350	TotalCN	3.33	0.622	0.347	NA	NA	STT9337.OSCHP
190	10	6813216	31806009	1843	TotalCN	2.67	0.384	0.376	NA	NA	STT9337.OSCHP
191	10	31818861	35366878	236	TotalCN	7	1.43	0.334	NA	NA	STT9337.OSCHP
192	10	35385973	46053862	493	TotalCN	3.33	0.627	0.474	NA	NA	STT9337.OSCHP
193	10	46077158	48326754	67	TotalCN	2	0.082	NaN	NA	NA	STT9337.OSCHP
194	10	48327208	51543828	204	TotalCN	2.33	0.235	0.414	NA	NA	STT9337.OSCHP
195	10	51547396	51577393	23	TotalCN	3.67	0.726	NaN	NA	NA	STT9337.OSCHP
196	10	51579413	89711576	3039	TotalCN	2.33	0.204	0.428	NA	NA	STT9337.OSCHP
197	10	89712473	89737101	24	TotalCN	2	0.011	NaN	NA	NA	STT9337.OSCHP
198	10	89737554	135434303	3240	TotalCN	2.33	0.157	0.45	NA	NA	STT9337.OSCHP
199	11	192764	3397231	266	TotalCN	1	-0.658	NaN	NA	NA	STT9337.OSCHP
200	11	3401496	18261203	1096	TotalCN	1.33	-0.546	NaN	NA	NA	STT9337.OSCHP
201	11	18278098	61134532	2727	TotalCN	2.33	0.116	0.488	NA	NA	STT9337.OSCHP
202	11	61151788	70834129	888	TotalCN	3	0.486	0.392	NA	NA	STT9337.OSCHP
203	11	70846961	92320830	1571	TotalCN	1.33	-0.585	NaN	NA	NA	STT9337.OSCHP
204	11	92333041	95327412	211	TotalCN	1	-0.628	NaN	NA	NA	STT9337.OSCHP
205	11	95349635	117420163	1731	TotalCN	1.33	-0.582	NaN	NA	NA	STT9337.OSCHP
206	11	117436906	121423552	402	TotalCN	1	-0.626	NaN	NA	NA	STT9337.OSCHP
207	11	121426042	127440032	447	TotalCN	1.33	-0.597	NaN	NA	NA	STT9337.OSCHP
208	11	127459307	128796421	181	TotalCN	1	-0.63	NaN	NA	NA	STT9337.OSCHP
209	11	128797257	134938847	427	TotalCN	1.33	-0.571	NaN	NA	NA	STT9337.OSCHP
210	12	189400	5113720	531	TotalCN	2	0.038	0.49	NA	NA	STT9337.OSCHP
211	12	5131947	17862203	1014	TotalCN	1	-0.643	NaN	NA	NA	STT9337.OSCHP
212	12	17878082	23330149	462	TotalCN	1.33	-0.514	NaN	NA	NA	STT9337.OSCHP
213	12	23345722	25901024	216	TotalCN	1.67	-0.168	0.38	NA	NA	STT9337.OSCHP
214	12	25916373	27739993	134	TotalCN	1.33	-0.61	NaN	NA	NA	STT9337.OSCHP
215	12	27756466	29485449	119	TotalCN	2.67	0.363	0.415	NA	NA	STT9337.OSCHP
216	12	29496224	34260142	336	TotalCN	4.33	0.856	0.286	NA	NA	STT9337.OSCHP
217	12	34287044	41640739	304	TotalCN	2.67	0.294	0.413	NA	NA	STT9337.OSCHP
218	12	41663478	43090701	97	TotalCN	1.67	-0.201	NaN	NA	NA	STT9337.OSCHP
219	12	43111690	45892993	187	TotalCN	2.67	0.31	0.405	NA	NA	STT9337.OSCHP
220	12	45898888	133818115	6945	TotalCN	1.67	-0.239	NaN	NA	NA	STT9337.OSCHP
221	13	19084823	21607760	184	TotalCN	1.67	-0.121	NaN	NA	NA	STT9337.OSCHP
222	13	21625473	70375338	3862	TotalCN	2	0.01	NaN	NA	NA	STT9337.OSCHP
223	13	70399003	74347673	273	TotalCN	2.67	0.385	NaN	NA	NA	STT9337.OSCHP
224	13	74356564	77960485	245	TotalCN	3	0.455	NaN	NA	NA	STT9337.OSCHP
225	13	77980981	90588061	923	TotalCN	2.67	0.354	NaN	NA	NA	STT9337.OSCHP
226	13	90593516	93788356	304	TotalCN	3	0.484	NaN	NA	NA	STT9337.OSCHP
227	13	93795285	115103150	2143	TotalCN	2.67	0.365	NaN	NA	NA	STT9337.OSCHP
228	14	20219083	28091274	665	TotalCN	3.33	0.619	0.468	NA	NA	STT9337.OSCHP
229	14	28109060	28529168	28	TotalCN	3.67	0.683	NaN	NA	NA	STT9337.OSCHP
230	14	28547950	28815894	19	TotalCN	3	0.464	NaN	NA	NA	STT9337.OSCHP
231	14	28831180	29410825	40	TotalCN	3.67	0.695	0.477	NA	NA	STT9337.OSCHP
232	14	29434930	31029185	108	TotalCN	1.67	-0.178	0.112	NA	NA	STT9337.OSCHP
233	14	31030946	38219407	591	TotalCN	2.67	0.336	0.419	NA	NA	STT9337.OSCHP
234	14	38230747	41082916	167	TotalCN	2.33	0.254	0.423	NA	NA	STT9337.OSCHP
235	14	41104823	58925726	1257	TotalCN	1.67	-0.27	0.129	NA	NA	STT9337.OSCHP
236	14	58947365	61069351	142	TotalCN	2.67	0.308	0.425	NA	NA	STT9337.OSCHP
237	14	61072875	63009549	163	TotalCN	2.33	0.213	0.452	NA	NA	STT9337.OSCHP
238	14	63020732	64580971	106	TotalCN	2.67	0.305	0.428	NA	NA	STT9337.OSCHP
239	14	64591968	64725369	28	TotalCN	2	0.055	NaN	NA	NA	STT9337.OSCHP
240	14	64726984	64826774	22	TotalCN	2.33	0.257	NaN	NA	NA	STT9337.OSCHP
241	14	64841110	67004544	184	TotalCN	2.67	0.3	0.426	NA	NA	STT9337.OSCHP
242	14	67010937	67197548	39	TotalCN	2.33	0.241	NaN	NA	NA	STT9337.OSCHP
243	14	67201176	67310195	22	TotalCN	2	0.162	NaN	NA	NA	STT9337.OSCHP
244	14	67313246	67528129	43	TotalCN	2.67	0.306	NaN	NA	NA	STT9337.OSCHP
245	14	67536019	71246041	393	TotalCN	2.33	0.239	0.427	NA	NA	STT9337.OSCHP
246	14	71260091	73077854	122	TotalCN	4	0.786	0.413	NA	NA	STT9337.OSCHP
247	14	73101727	74498333	93	TotalCN	3	0.452	0.492	NA	NA	STT9337.OSCHP
248	14	74506445	75985383	113	TotalCN	2.67	0.373	0.434	NA	NA	STT9337.OSCHP
249	14	76010981	106806050	2325	TotalCN	1.67	-0.293	0.123	NA	NA	STT9337.OSCHP
250	14	106826683	107282024	86	TotalCN	1.33	-0.404	NaN	NA	NA	STT9337.OSCHP
251	15	20161372	42400764	1377	TotalCN	2.33	0.207	0.283	NA	NA	STT9337.OSCHP
252	15	42415270	46747742	298	TotalCN	3	0.486	0.237	NA	NA	STT9337.OSCHP
253	15	46776061	57023826	733	TotalCN	2.33	0.231	0.283	NA	NA	STT9337.OSCHP
254	15	57050543	57234050	18	TotalCN	2	0.21	NaN	NA	NA	STT9337.OSCHP
255	15	57240760	74034958	1279	TotalCN	2.33	0.214	0.284	NA	NA	STT9337.OSCHP
256	15	74062144	74416373	57	TotalCN	2	0.106	NaN	NA	NA	STT9337.OSCHP
257	15	74440419	75156944	77	TotalCN	2.67	0.334	NaN	NA	NA	STT9337.OSCHP
258	15	75184084	76447903	86	TotalCN	2.33	0.166	0.286	NA	NA	STT9337.OSCHP
259	15	76477155	77360750	60	TotalCN	2	0.074	0.279	NA	NA	STT9337.OSCHP
260	15	77368682	102162555	2008	TotalCN	2.33	0.21	0.287	NA	NA	STT9337.OSCHP
261	15	102182183	102397317	19	TotalCN	1.67	-0.313	NaN	NA	NA	STT9337.OSCHP
262	16	83887	7466553	636	TotalCN	2	0.011	0.489	NA	NA	STT9337.OSCHP
263	16	7483077	7619665	25	TotalCN	1.67	-0.319	NaN	NA	NA	STT9337.OSCHP
264	16	7620272	7647777	20	TotalCN	1.33	-0.41	NaN	NA	NA	STT9337.OSCHP
265	16	7649025	8254201	99	TotalCN	1.67	-0.263	0.371	NA	NA	STT9337.OSCHP
266	16	8266399	8519627	18	TotalCN	2	-0.149	0.368	NA	NA	STT9337.OSCHP
267	16	8533572	12622690	320	TotalCN	1.67	-0.273	0.395	NA	NA	STT9337.OSCHP
268	16	12624980	26351625	894	TotalCN	2	0.008	0.324	NA	NA	STT9337.OSCHP
269	16	26370932	26961257	40	TotalCN	1.67	-0.184	0.359	NA	NA	STT9337.OSCHP
270	16	26976149	34197195	381	TotalCN	2	-0.007	0.325	NA	NA	STT9337.OSCHP
271	16	34201619	46531203	71	TotalCN	4.33	0.896	NaN	NA	NA	STT9337.OSCHP
272	16	46539392	47851051	87	TotalCN	4.67	0.979	NaN	NA	NA	STT9337.OSCHP
273	16	47864591	50188929	167	TotalCN	8	1.599	0.248	NA	NA	STT9337.OSCHP
274	16	50203171	51743055	116	TotalCN	1.67	-0.273	0.12	NA	NA	STT9337.OSCHP
275	16	51771624	58649431	471	TotalCN	1	-0.704	0.148	NA	NA	STT9337.OSCHP
276	16	58664065	60070036	94	TotalCN	1.67	-0.281	0.131	NA	NA	STT9337.OSCHP
277	16	60084975	61793464	114	TotalCN	2.67	0.322	0.091	NA	NA	STT9337.OSCHP
278	16	61814381	68625253	493	TotalCN	2	0.028	0.104	NA	NA	STT9337.OSCHP
279	16	68632764	69115649	72	TotalCN	3	0.458	0.071	NA	NA	STT9337.OSCHP
280	16	69135049	90158005	1716	TotalCN	2.33	0.17	0.09	NA	NA	STT9337.OSCHP
281	17	400959	680299	19	TotalCN	4	0.777	NaN	NA	NA	STT9337.OSCHP
282	17	685752	7526399	539	TotalCN	3.67	0.722	NaN	NA	NA	STT9337.OSCHP
283	17	7529184	7583748	53	TotalCN	0.33	-2.445	NaN	NA	NA	STT9337.OSCHP
284	17	7585449	16885886	759	TotalCN	3.67	0.729	NaN	NA	NA	STT9337.OSCHP
285	17	16897700	21180726	315	TotalCN	5	1.091	NaN	NA	NA	STT9337.OSCHP
286	17	21201719	22217883	56	TotalCN	4.67	0.97	NaN	NA	NA	STT9337.OSCHP
287	17	25326941	28001482	224	TotalCN	2.67	0.302	NaN	NA	NA	STT9337.OSCHP
288	17	28017617	35771468	565	TotalCN	2	-0.044	NaN	NA	NA	STT9337.OSCHP
289	17	35787666	38911363	459	TotalCN	1.67	-0.114	NaN	NA	NA	STT9337.OSCHP
290	17	38923635	61459284	1876	TotalCN	2	-0.025	NaN	NA	NA	STT9337.OSCHP
291	17	61464730	63565668	187	TotalCN	1.67	-0.101	NaN	NA	NA	STT9337.OSCHP
292	17	63567362	79406556	1285	TotalCN	2	-0.042	NaN	NA	NA	STT9337.OSCHP
293	17	79432429	80263427	76	TotalCN	1.67	-0.285	NaN	NA	NA	STT9337.OSCHP
294	18	12842	2621407	217	TotalCN	2.33	0.172	0.407	NA	NA	STT9337.OSCHP
295	18	2635234	15062525	848	TotalCN	2.67	0.3	0.421	NA	NA	STT9337.OSCHP
296	18	15075994	19992466	103	TotalCN	1.67	-0.24	NaN	NA	NA	STT9337.OSCHP
297	18	20026622	21378989	93	TotalCN	2.67	0.311	0.414	NA	NA	STT9337.OSCHP
298	18	21392678	28287929	550	TotalCN	1.67	-0.17	NaN	NA	NA	STT9337.OSCHP
299	18	28302028	28839294	37	TotalCN	2	-0.151	NaN	NA	NA	STT9337.OSCHP
300	18	28845479	30675386	123	TotalCN	2.33	0.228	0.421	NA	NA	STT9337.OSCHP
301	18	30696277	34738404	299	TotalCN	1.67	-0.214	NaN	NA	NA	STT9337.OSCHP
302	18	34762823	48629036	1012	TotalCN	1.33	-0.511	NaN	NA	NA	STT9337.OSCHP
303	18	48633216	49990709	111	TotalCN	1	-0.624	NaN	NA	NA	STT9337.OSCHP
304	18	49993266	78007784	2202	TotalCN	1.33	-0.504	NaN	NA	NA	STT9337.OSCHP
305	19	247232	6246479	558	TotalCN	2	-0.103	0.489	NA	NA	STT9337.OSCHP
306	19	6254699	30357744	1774	TotalCN	2.67	0.318	0.38	NA	NA	STT9337.OSCHP
307	19	30370370	30816708	31	TotalCN	3.33	0.627	0.454	NA	NA	STT9337.OSCHP
308	19	30827371	40640939	748	TotalCN	2	-0.035	0.492	NA	NA	STT9337.OSCHP
309	19	40667691	40800675	92	TotalCN	1.67	-0.194	NaN	NA	NA	STT9337.OSCHP
310	19	40801306	42966009	319	TotalCN	2	-0.078	0.487	NA	NA	STT9337.OSCHP
311	19	42984680	43652526	38	TotalCN	1.67	-0.226	NaN	NA	NA	STT9337.OSCHP
312	19	43658826	53557585	892	TotalCN	2	-0.057	0.49	NA	NA	STT9337.OSCHP
313	19	53574968	54008049	30	TotalCN	1.67	-0.2	NaN	NA	NA	STT9337.OSCHP
314	19	54011832	57647236	256	TotalCN	2	-0.038	0.491	NA	NA	STT9337.OSCHP
315	19	57665750	58397475	49	TotalCN	2.67	0.306	0.475	NA	NA	STT9337.OSCHP
316	19	58401342	58831966	29	TotalCN	3.33	0.573	0.432	NA	NA	STT9337.OSCHP
317	19	58840905	59093239	19	TotalCN	4	0.807	0.491	NA	NA	STT9337.OSCHP
318	20	69094	2046772	146	TotalCN	2.33	0.207	0.457	NA	NA	STT9337.OSCHP
319	20	2060151	6564919	321	TotalCN	2	0.008	0.49	NA	NA	STT9337.OSCHP
320	20	6589099	14414569	777	TotalCN	3	0.434	0.377	NA	NA	STT9337.OSCHP
321	20	14417197	29519156	1355	TotalCN	2.67	0.378	0.378	NA	NA	STT9337.OSCHP
322	20	29520510	32273524	221	TotalCN	2	0.009	0.492	NA	NA	STT9337.OSCHP
323	20	32276815	32489894	21	TotalCN	3	0.407	NaN	NA	NA	STT9337.OSCHP
324	20	32514386	42355753	729	TotalCN	2	0.012	0.487	NA	NA	STT9337.OSCHP
325	20	42364734	44585793	150	TotalCN	2.33	0.103	0.485	NA	NA	STT9337.OSCHP
326	20	44592636	46256424	157	TotalCN	2.67	0.36	0.393	NA	NA	STT9337.OSCHP
327	20	46258774	46344747	19	TotalCN	3	0.486	NaN	NA	NA	STT9337.OSCHP
328	20	46364717	47196809	56	TotalCN	3.33	0.611	0.457	NA	NA	STT9337.OSCHP
329	20	47201509	57563765	769	TotalCN	2.67	0.388	0.385	NA	NA	STT9337.OSCHP
330	20	57584890	62230706	299	TotalCN	3	0.435	0.386	NA	NA	STT9337.OSCHP
331	20	62246541	62912463	71	TotalCN	3.67	0.699	0.338	NA	NA	STT9337.OSCHP
332	21	9648315	21213035	416	TotalCN	1.33	-0.504	0.171	NA	NA	STT9337.OSCHP
333	21	21234745	23073684	123	TotalCN	2.33	0.116	0.487	NA	NA	STT9337.OSCHP
334	21	23092174	25520736	165	TotalCN	2	0.027	0.474	NA	NA	STT9337.OSCHP
335	21	25534658	29473124	262	TotalCN	2.33	0.156	0.487	NA	NA	STT9337.OSCHP
336	21	29486254	36739652	536	TotalCN	2	0.041	0.489	NA	NA	STT9337.OSCHP
337	21	36751512	41826974	404	TotalCN	2.33	0.12	0.489	NA	NA	STT9337.OSCHP
338	21	41838744	46713092	324	TotalCN	2	0.078	0.491	NA	NA	STT9337.OSCHP
339	21	46733062	48097610	119	TotalCN	2.33	0.125	0.485	NA	NA	STT9337.OSCHP
340	22	16054713	18270779	125	TotalCN	3.67	0.689	0.492	NA	NA	STT9337.OSCHP
341	22	18272020	22058355	308	TotalCN	3	0.491	0.379	NA	NA	STT9337.OSCHP
342	22	22067722	23477970	179	TotalCN	3.67	0.721	0.314	NA	NA	STT9337.OSCHP
343	22	23491644	24341388	88	TotalCN	3	0.495	0.373	NA	NA	STT9337.OSCHP
344	22	24346428	24390318	20	TotalCN	0	-3.403	0.405	NA	NA	STT9337.OSCHP
345	22	24394088	38545942	1071	TotalCN	3	0.467	0.379	NA	NA	STT9337.OSCHP
346	22	38548845	40963402	210	TotalCN	2.67	0.393	0.398	NA	NA	STT9337.OSCHP
347	22	40968152	41259463	39	TotalCN	2.33	0.185	NaN	NA	NA	STT9337.OSCHP
348	22	41266530	51213826	756	TotalCN	3	0.433	0.39	NA	NA	STT9337.OSCHP
349	24	177942	18449508	1259	TotalCN	0.67	-1.16	NaN	NA	NA	STT9337.OSCHP
350	24	18466537	28690286	718	TotalCN	1.33	-0.555	0.489	NA	NA	STT9337.OSCHP
351	24	28699530	53358089	1890	TotalCN	1.67	-0.242	0.389	NA	NA	STT9337.OSCHP
352	24	53363906	67810544	1038	TotalCN	2	-0.062	NaN	NA	NA	STT9337.OSCHP
353	24	67836008	69528014	116	TotalCN	2.67	0.369	NaN	NA	NA	STT9337.OSCHP
354	24	69546546	71574297	201	TotalCN	2	-0.051	NaN	NA	NA	STT9337.OSCHP
355	24	71584594	73139781	112	TotalCN	3.33	0.567	NaN	NA	NA	STT9337.OSCHP
356	24	73162401	75587617	166	TotalCN	2.33	0.198	NaN	NA	NA	STT9337.OSCHP
357	24	75608847	76418660	52	TotalCN	0.67	-1.234	NaN	NA	NA	STT9337.OSCHP
358	24	76435482	76790399	18	TotalCN	0.33	-2.788	0.476	NA	NA	STT9337.OSCHP
359	24	76790656	126098621	3483	TotalCN	0.67	-1.108	NaN	NA	NA	STT9337.OSCHP
360	24	126114178	126503298	27	TotalCN	1	-0.911	NaN	NA	NA	STT9337.OSCHP
361	24	126517396	151392434	1808	TotalCN	2.33	0.184	NaN	NA	NA	STT9337.OSCHP
362	24	151415874	155219364	302	TotalCN	3	0.471	NaN	NA	NA	STT9337.OSCHP
363	25	2660163	28799935	614	TotalCN	0	-3.797	0.302	NA	NA	STT9337.OSCHP
1	1	754192	62606380	5222	LOH	0	-	-	NA	NA	STT9337.OSCHP
2	1	62617927	66584457	292	LOH	1	-	-	NA	NA	STT9337.OSCHP
3	1	66589748	110193390	2672	LOH	0	-	-	NA	NA	STT9337.OSCHP
4	1	110195228	121350934	899	LOH	1	-	-	NA	NA	STT9337.OSCHP
5	1	144009053	147830492	223	LOH	0	-	-	NA	NA	STT9337.OSCHP
6	1	149044448	249212878	7779	LOH	1	-	-	NA	NA	STT9337.OSCHP
7	2	21494	78837698	5689	LOH	1	-	-	NA	NA	STT9337.OSCHP
8	2	78852217	90245035	558	LOH	0	-	-	NA	NA	STT9337.OSCHP
9	2	91866487	91866487	1	LOH	0	-	-	NA	NA	STT9337.OSCHP
10	2	95429197	99174904	311	LOH	1	-	-	NA	NA	STT9337.OSCHP
11	2	99175511	114510193	1143	LOH	0	-	-	NA	NA	STT9337.OSCHP
12	2	114525193	195892736	5719	LOH	1	-	-	NA	NA	STT9337.OSCHP
13	2	195914472	199152061	217	LOH	0	-	-	NA	NA	STT9337.OSCHP
14	2	199168216	243052331	3356	LOH	1	-	-	NA	NA	STT9337.OSCHP
15	3	63411	90473621	7267	LOH	1	-	-	NA	NA	STT9337.OSCHP
16	3	93517443	197852564	7703	LOH	1	-	-	NA	NA	STT9337.OSCHP
17	4	71566	43844735	2677	LOH	1	-	-	NA	NA	STT9337.OSCHP
18	4	43849786	49092454	406	LOH	0	-	-	NA	NA	STT9337.OSCHP
19	4	52684891	190915650	9184	LOH	1	-	-	NA	NA	STT9337.OSCHP
20	5	38139	46401271	3231	LOH	0	-	-	NA	NA	STT9337.OSCHP
21	5	49441966	68828372	1383	LOH	0	-	-	NA	NA	STT9337.OSCHP
22	5	70306678	180698312	7721	LOH	0	-	-	NA	NA	STT9337.OSCHP
23	6	204909	5467761	346	LOH	1	-	-	NA	NA	STT9337.OSCHP
24	6	5480096	5604199	9	LOH	0	-	-	NA	NA	STT9337.OSCHP
25	6	5622232	8166630	156	LOH	1	-	-	NA	NA	STT9337.OSCHP
26	6	8177933	16338221	473	LOH	0	-	-	NA	NA	STT9337.OSCHP
27	6	16338904	28829486	842	LOH	1	-	-	NA	NA	STT9337.OSCHP
28	6	28990618	58770502	2004	LOH	0	-	-	NA	NA	STT9337.OSCHP
29	6	61886393	170913051	7632	LOH	1	-	-	NA	NA	STT9337.OSCHP
30	7	41421	58011645	4475	LOH	0	-	-	NA	NA	STT9337.OSCHP
31	7	61064518	153103592	7036	LOH	0	-	-	NA	NA	STT9337.OSCHP
32	7	153120067	159118443	406	LOH	1	-	-	NA	NA	STT9337.OSCHP
33	8	172417	7004147	1044	LOH	1	-	-	NA	NA	STT9337.OSCHP
34	8	8094763	43751375	2811	LOH	0	-	-	NA	NA	STT9337.OSCHP
35	8	46896972	51457419	370	LOH	0	-	-	NA	NA	STT9337.OSCHP
36	8	51470932	146292734	7692	LOH	1	-	-	NA	NA	STT9337.OSCHP
37	9	204738	39184065	3213	LOH	1	-	-	NA	NA	STT9337.OSCHP
38	9	44098813	44893094	4	LOH	0	-	-	NA	NA	STT9337.OSCHP
39	9	68170421	68170421	1	LOH	0	-	-	NA	NA	STT9337.OSCHP
40	9	70984372	116031640	3298	LOH	0	-	-	NA	NA	STT9337.OSCHP
41	9	116042492	141054761	2002	LOH	1	-	-	NA	NA	STT9337.OSCHP
42	10	126070	39146676	2836	LOH	0	-	-	NA	NA	STT9337.OSCHP
43	10	42413322	135434303	6838	LOH	0	-	-	NA	NA	STT9337.OSCHP
44	11	192764	19232510	1444	LOH	1	-	-	NA	NA	STT9337.OSCHP
45	11	19238380	51575951	2210	LOH	0	-	-	NA	NA	STT9337.OSCHP
46	11	54795357	61113981	422	LOH	1	-	-	NA	NA	STT9337.OSCHP
47	11	61134532	70834129	854	LOH	0	-	-	NA	NA	STT9337.OSCHP
48	11	70846961	134938847	4933	LOH	1	-	-	NA	NA	STT9337.OSCHP
49	12	189400	4869928	514	LOH	0	-	-	NA	NA	STT9337.OSCHP
50	12	4885062	27913782	1852	LOH	1	-	-	NA	NA	STT9337.OSCHP
51	12	27919491	34828211	482	LOH	0	-	-	NA	NA	STT9337.OSCHP
52	12	37927248	44549435	453	LOH	0	-	-	NA	NA	STT9337.OSCHP
53	12	44561719	133818115	7024	LOH	1	-	-	NA	NA	STT9337.OSCHP
54	13	19084823	115103150	7910	LOH	1	-	-	NA	NA	STT9337.OSCHP
55	14	20219083	41003964	1611	LOH	0	-	-	NA	NA	STT9337.OSCHP
56	14	41026771	58958923	1262	LOH	1	-	-	NA	NA	STT9337.OSCHP
57	14	58981102	75912137	1460	LOH	0	-	-	NA	NA	STT9337.OSCHP
58	14	75936517	107282024	2415	LOH	1	-	-	NA	NA	STT9337.OSCHP
59	15	20161372	20212798	6	LOH	0	-	-	NA	NA	STT9337.OSCHP
60	15	22752399	32940381	609	LOH	1	-	-	NA	NA	STT9337.OSCHP
61	15	32948718	57470298	1847	LOH	0	-	-	NA	NA	STT9337.OSCHP
62	15	57476858	66989068	698	LOH	1	-	-	NA	NA	STT9337.OSCHP
63	15	66990531	68067762	102	LOH	0	-	-	NA	NA	STT9337.OSCHP
64	15	68089618	84175111	1191	LOH	1	-	-	NA	NA	STT9337.OSCHP
65	15	84191458	88584252	357	LOH	0	-	-	NA	NA	STT9337.OSCHP
66	15	88590493	94773986	531	LOH	1	-	-	NA	NA	STT9337.OSCHP
67	15	94798406	102397317	646	LOH	0	-	-	NA	NA	STT9337.OSCHP
68	16	83887	6695342	565	LOH	0	-	-	NA	NA	STT9337.OSCHP
69	16	6700706	35271725	1892	LOH	1	-	-	NA	NA	STT9337.OSCHP
70	16	46461309	50252202	258	LOH	0	-	-	NA	NA	STT9337.OSCHP
71	16	50271806	90158005	3058	LOH	1	-	-	NA	NA	STT9337.OSCHP
72	17	400959	22217883	1728	LOH	0	-	-	NA	NA	STT9337.OSCHP
73	17	25326941	80263427	4626	LOH	1	-	-	NA	NA	STT9337.OSCHP
74	18	12842	15377471	1070	LOH	0	-	-	NA	NA	STT9337.OSCHP
75	18	18554307	78007784	4505	LOH	1	-	-	NA	NA	STT9337.OSCHP
76	19	247232	24544320	2106	LOH	0	-	-	NA	NA	STT9337.OSCHP
77	19	27754573	59093239	2665	LOH	0	-	-	NA	NA	STT9337.OSCHP
78	20	69094	26309255	2580	LOH	0	-	-	NA	NA	STT9337.OSCHP
79	20	29519156	62912463	2491	LOH	0	-	-	NA	NA	STT9337.OSCHP
80	21	9648315	10964139	8	LOH	0	-	-	NA	NA	STT9337.OSCHP
81	21	14344537	21256579	409	LOH	1	-	-	NA	NA	STT9337.OSCHP
82	21	21277651	48097610	1926	LOH	0	-	-	NA	NA	STT9337.OSCHP
83	22	16054713	51213826	2714	LOH	0	-	-	NA	NA	STT9337.OSCHP
84	24	177942	55052299	3949	LOH	1	-	-	NA	NA	STT9337.OSCHP
85	24	55056326	58412929	229	LOH	0	-	-	NA	NA	STT9337.OSCHP
86	24	61732394	128724525	4876	LOH	1	-	-	NA	NA	STT9337.OSCHP
87	24	128749450	131251326	202	LOH	0	-	-	NA	NA	STT9337.OSCHP
88	24	131260872	155219364	1754	LOH	1	-	-	NA	NA	STT9337.OSCHP
