SegmentID	Chromosome	StartPosition	StopPosition	MarkerCount	Type	State	Median Log2 Ratio	Median BAF	% Aberr. Cells	TuScan Ploidy	FileName
79	1	754192	1392271	42	TotalCN	1	-0.374	NaN	85	3	STT9353.OSCHP
80	1	1426478	17890432	1438	TotalCN	4	0.638	0.488	85	3	STT9353.OSCHP
81	1	17895744	17949562	23	TotalCN	3	0.491	NaN	85	3	STT9353.OSCHP
82	1	17952882	45767795	2335	TotalCN	4	0.62	0.487	85	3	STT9353.OSCHP
83	1	45770419	46605369	122	TotalCN	3	0.521	NaN	85	3	STT9353.OSCHP
84	1	46629653	67211887	1626	TotalCN	4	0.601	0.485	85	3	STT9353.OSCHP
85	1	67224330	67521736	18	TotalCN	3	0.39	NaN	85	3	STT9353.OSCHP
86	1	67539881	121350934	4109	TotalCN	4	0.597	0.487	85	3	STT9353.OSCHP
87	1	144009053	145382341	58	TotalCN	3	0.374	NaN	85	3	STT9353.OSCHP
88	1	145394955	249212878	8029	TotalCN	4	0.612	0.486	85	3	STT9353.OSCHP
89	2	21494	140980379	9944	TotalCN	3	0.317	0.361	85	3	STT9353.OSCHP
90	2	140981711	141108531	121	TotalCN	2	0.172	NaN	85	3	STT9353.OSCHP
91	2	141109524	156446586	1633	TotalCN	3	0.328	0.364	85	3	STT9353.OSCHP
92	2	156471416	160132089	261	TotalCN	2	-0.138	NaN	85	3	STT9353.OSCHP
93	2	160146864	160857568	46	TotalCN	1.5	-0.26	NaN	85	3	STT9353.OSCHP
94	2	160861482	175240292	1074	TotalCN	2	-0.095	0.483	85	3	STT9353.OSCHP
95	2	175259065	189216219	966	TotalCN	3	0.293	0.363	85	3	STT9353.OSCHP
96	2	189220518	189526358	20	TotalCN	2	0.132	NaN	85	3	STT9353.OSCHP
97	2	189556081	190096850	40	TotalCN	3	0.321	0.355	85	3	STT9353.OSCHP
98	2	190106465	190367057	18	TotalCN	2	0.213	NaN	85	3	STT9353.OSCHP
99	2	190376873	243052331	3979	TotalCN	3	0.312	0.363	85	3	STT9353.OSCHP
100	3	63411	1953413	163	TotalCN	4	0.585	0.487	85	3	STT9353.OSCHP
101	3	1966019	3925769	133	TotalCN	3	0.408	0.355	85	3	STT9353.OSCHP
102	3	3941431	43014050	3039	TotalCN	4	0.667	0.486	85	3	STT9353.OSCHP
103	3	43035161	43687273	45	TotalCN	3	0.557	NaN	85	3	STT9353.OSCHP
104	3	43714123	66964134	1915	TotalCN	4	0.67	0.486	85	3	STT9353.OSCHP
105	3	66986921	67557295	42	TotalCN	3	0.504	NaN	85	3	STT9353.OSCHP
106	3	67574611	69903331	325	TotalCN	4	0.667	0.486	85	3	STT9353.OSCHP
107	3	69904286	69954711	73	TotalCN	3	0.53	NaN	85	3	STT9353.OSCHP
108	3	69956392	90473621	1584	TotalCN	4	0.642	0.486	85	3	STT9353.OSCHP
109	3	93517443	93903910	25	TotalCN	3	0.478	NaN	85	3	STT9353.OSCHP
110	3	93912190	105790389	829	TotalCN	4	0.605	0.491	85	3	STT9353.OSCHP
111	3	105807324	106063694	18	TotalCN	3	0.376	NaN	85	3	STT9353.OSCHP
112	3	106085019	120595986	1073	TotalCN	4	0.575	0.486	85	3	STT9353.OSCHP
113	3	120611990	121320486	46	TotalCN	3	0.499	NaN	85	3	STT9353.OSCHP
114	3	121335146	132347414	748	TotalCN	4	0.601	0.487	85	3	STT9353.OSCHP
115	3	132356121	132805115	31	TotalCN	3	0.462	NaN	85	3	STT9353.OSCHP
116	3	132815704	142809367	819	TotalCN	4	0.58	0.491	85	3	STT9353.OSCHP
117	3	142820707	143085345	18	TotalCN	3	0.456	NaN	85	3	STT9353.OSCHP
118	3	143103734	175581823	2272	TotalCN	4	0.604	0.488	85	3	STT9353.OSCHP
119	3	175599404	177633633	137	TotalCN	3	0.275	0.364	85	3	STT9353.OSCHP
120	3	177647728	179836036	194	TotalCN	4	0.569	0.492	85	3	STT9353.OSCHP
121	3	179863744	180566221	51	TotalCN	3	0.476	NaN	85	3	STT9353.OSCHP
122	3	180572731	184363909	265	TotalCN	4	0.661	0.486	85	3	STT9353.OSCHP
123	3	184370123	184634649	18	TotalCN	3	0.49	NaN	85	3	STT9353.OSCHP
124	3	184662441	186547828	149	TotalCN	4	0.634	0.491	85	3	STT9353.OSCHP
125	3	186551711	188996933	275	TotalCN	2	-0.138	NaN	85	3	STT9353.OSCHP
126	3	189020311	191956119	312	TotalCN	4	0.556	0.488	85	3	STT9353.OSCHP
127	3	191976775	192609716	43	TotalCN	2	0.129	NaN	85	3	STT9353.OSCHP
128	3	192614308	193969806	91	TotalCN	3	0.325	0.361	85	3	STT9353.OSCHP
129	3	193986199	197852564	304	TotalCN	4	0.627	0.487	85	3	STT9353.OSCHP
130	4	69404	93463526	6347	TotalCN	3	0.369	0.401	85	3	STT9353.OSCHP
131	4	93465297	190338327	7006	TotalCN	2	0.008	0.475	85	3	STT9353.OSCHP
132	4	190367654	190915650	34	TotalCN	3	0.363	NaN	85	3	STT9353.OSCHP
133	5	38139	8558215	610	TotalCN	4	0.644	0.489	85	3	STT9353.OSCHP
134	5	8584086	8830942	18	TotalCN	3	0.32	NaN	85	3	STT9353.OSCHP
135	5	8853609	44740989	2500	TotalCN	4	0.626	0.487	85	3	STT9353.OSCHP
136	5	44743247	46401271	108	TotalCN	3	0.449	NaN	85	3	STT9353.OSCHP
137	5	49441966	99139577	3315	TotalCN	4	0.58	0.488	85	3	STT9353.OSCHP
138	5	99156362	99927338	52	TotalCN	3	0.43	NaN	85	3	STT9353.OSCHP
139	5	99951394	149605994	3531	TotalCN	4	0.584	0.486	85	3	STT9353.OSCHP
140	5	149611793	149790968	19	TotalCN	3	0.533	NaN	85	3	STT9353.OSCHP
141	5	149796011	180698312	2207	TotalCN	4	0.585	0.485	85	3	STT9353.OSCHP
142	6	204909	15059299	1068	TotalCN	1	-0.848	NaN	85	3	STT9353.OSCHP
143	6	15066724	57205823	3332	TotalCN	2	-0.096	NaN	85	3	STT9353.OSCHP
144	6	57225631	58770502	94	TotalCN	3	0.44	NaN	85	3	STT9353.OSCHP
145	6	61886393	85972492	1707	TotalCN	4	0.598	0.486	85	3	STT9353.OSCHP
146	6	85997142	116731978	2342	TotalCN	2	-0.128	NaN	85	3	STT9353.OSCHP
147	6	116756667	170913051	4161	TotalCN	4	0.64	0.488	85	3	STT9353.OSCHP
148	7	41421	62262849	4514	TotalCN	3	0.304	0.362	85	3	STT9353.OSCHP
149	7	62271298	63618118	58	TotalCN	4	0.483	0.491	85	3	STT9353.OSCHP
150	7	63622315	159118443	7403	TotalCN	3	0.319	0.371	85	3	STT9353.OSCHP
151	8	172417	39194984	3499	TotalCN	3	0.33	0.362	85	3	STT9353.OSCHP
152	8	39217074	39460780	18	TotalCN	0	-1.278	NaN	85	3	STT9353.OSCHP
153	8	39480366	58452850	1247	TotalCN	3	0.312	0.36	85	3	STT9353.OSCHP
154	8	58466473	61276247	188	TotalCN	2	0.008	0.478	85	3	STT9353.OSCHP
155	8	61293772	75903204	1111	TotalCN	3	0.274	0.38	85	3	STT9353.OSCHP
156	8	75913067	83955761	575	TotalCN	2	-0.077	0.488	85	3	STT9353.OSCHP
157	8	83957420	87519315	233	TotalCN	3	0.191	0.376	85	3	STT9353.OSCHP
158	8	87535573	146292734	5078	TotalCN	2	-0.096	0.486	85	3	STT9353.OSCHP
159	9	204738	985569	54	TotalCN	1	-0.727	NaN	85	3	STT9353.OSCHP
160	9	1005131	7146888	465	TotalCN	2	-0.166	NaN	85	3	STT9353.OSCHP
161	9	7154294	17053372	939	TotalCN	3	0.291	0.357	85	3	STT9353.OSCHP
162	9	17063703	21856470	406	TotalCN	2	-0.135	NaN	85	3	STT9353.OSCHP
163	9	21864098	23349982	236	TotalCN	3	0.288	0.346	85	3	STT9353.OSCHP
164	9	23371941	25902763	170	TotalCN	2	-0.118	NaN	85	3	STT9353.OSCHP
165	9	25919851	141054761	6261	TotalCN	3	0.322	0.358	85	3	STT9353.OSCHP
166	10	126070	22821052	1654	TotalCN	3	0.351	0.36	85	3	STT9353.OSCHP
167	10	22822524	22885232	26	TotalCN	2	0.174	NaN	85	3	STT9353.OSCHP
168	10	22886747	38114690	1110	TotalCN	3	0.336	0.366	85	3	STT9353.OSCHP
169	10	38139483	43649563	149	TotalCN	2	0.161	NaN	85	3	STT9353.OSCHP
170	10	43666767	135434303	6756	TotalCN	3	0.318	0.363	85	3	STT9353.OSCHP
171	11	192764	8559072	684	TotalCN	3	0.266	0.358	85	3	STT9353.OSCHP
172	11	8561002	8717003	20	TotalCN	2	0.012	0.493	85	3	STT9353.OSCHP
173	11	8736695	49591576	2861	TotalCN	3	0.288	0.364	85	3	STT9353.OSCHP
174	11	49598178	81110347	2192	TotalCN	2	-0.125	0.484	85	3	STT9353.OSCHP
175	11	81130348	83943499	188	TotalCN	4	0.552	0.297	85	3	STT9353.OSCHP
176	11	83952285	86684705	200	TotalCN	3	0.326	0.362	85	3	STT9353.OSCHP
177	11	86701200	88915570	149	TotalCN	1.5	-0.22	0.492	85	3	STT9353.OSCHP
178	11	88917397	94887947	423	TotalCN	2	-0.126	0.487	85	3	STT9353.OSCHP
179	11	94894963	94980102	18	TotalCN	1	-0.308	NaN	85	3	STT9353.OSCHP
180	11	94984115	100917749	448	TotalCN	2	-0.08	0.484	85	3	STT9353.OSCHP
181	11	100918371	117631234	1321	TotalCN	3	0.308	0.365	85	3	STT9353.OSCHP
182	11	117649675	125747617	722	TotalCN	2	-0.089	0.487	85	3	STT9353.OSCHP
183	11	125766044	134938847	721	TotalCN	1	-0.895	NaN	85	3	STT9353.OSCHP
184	12	189400	1307364	200	TotalCN	2	-0.127	NaN	85	3	STT9353.OSCHP
185	12	1314430	1408044	19	TotalCN	1	-0.378	NaN	85	3	STT9353.OSCHP
186	12	1411803	8376470	567	TotalCN	2	-0.064	0.483	85	3	STT9353.OSCHP
187	12	8387616	34260142	2026	TotalCN	3	0.325	0.373	85	3	STT9353.OSCHP
188	12	34287044	39028239	111	TotalCN	2	0.075	NaN	85	3	STT9353.OSCHP
189	12	39044361	96618763	4685	TotalCN	3	0.304	0.364	85	3	STT9353.OSCHP
190	12	96634579	133372395	2706	TotalCN	4	0.626	0.292	85	3	STT9353.OSCHP
191	12	133401094	133818115	31	TotalCN	1	-0.289	NaN	85	3	STT9353.OSCHP
192	13	19084823	23434866	304	TotalCN	4	0.571	0.482	85	3	STT9353.OSCHP
193	13	23449055	30946126	643	TotalCN	5	0.873	0.402	85	3	STT9353.OSCHP
194	13	30968857	34146638	311	TotalCN	3	0.233	0.382	85	3	STT9353.OSCHP
195	13	34168454	37655553	236	TotalCN	4	0.6	0.487	85	3	STT9353.OSCHP
196	13	37679268	42631719	450	TotalCN	1.5	-0.204	NaN	85	3	STT9353.OSCHP
197	13	42636943	45431240	187	TotalCN	1	-0.317	NaN	85	3	STT9353.OSCHP
198	13	45452710	48897205	314	TotalCN	1.5	-0.249	NaN	85	3	STT9353.OSCHP
199	13	48897896	50531767	268	TotalCN	1	-0.333	NaN	85	3	STT9353.OSCHP
200	13	50550081	67385354	1129	TotalCN	1.5	-0.241	NaN	85	3	STT9353.OSCHP
201	13	67401022	71851087	303	TotalCN	3	0.387	0.36	85	3	STT9353.OSCHP
202	13	71867533	115103150	3789	TotalCN	4	0.639	0.286	85	3	STT9353.OSCHP
203	14	20219083	35643883	1238	TotalCN	4	0.616	0.295	85	3	STT9353.OSCHP
204	14	35661293	38019142	200	TotalCN	3	0.343	0.37	85	3	STT9353.OSCHP
205	14	38039969	38942443	54	TotalCN	2	-0.137	NaN	85	3	STT9353.OSCHP
206	14	38959413	57633824	1297	TotalCN	3	0.298	0.363	85	3	STT9353.OSCHP
207	14	57659190	103825318	3530	TotalCN	2	-0.101	0.486	85	3	STT9353.OSCHP
208	14	103844898	104397036	69	TotalCN	1.5	-0.274	NaN	85	3	STT9353.OSCHP
209	14	104410305	106272131	181	TotalCN	2	-0.178	0.482	85	3	STT9353.OSCHP
210	14	106277391	107282024	187	TotalCN	1.5	-0.219	0.486	85	3	STT9353.OSCHP
211	15	20161372	61966724	2790	TotalCN	3	0.332	0.366	85	3	STT9353.OSCHP
212	15	61977322	62319307	24	TotalCN	2	0.091	NaN	85	3	STT9353.OSCHP
213	15	62343850	102397317	3198	TotalCN	3	0.347	0.362	85	3	STT9353.OSCHP
214	16	83887	2087658	140	TotalCN	1.5	-0.282	NaN	85	3	STT9353.OSCHP
215	16	2089351	34213445	2295	TotalCN	2	-0.099	NaN	85	3	STT9353.OSCHP
216	16	34224384	35271725	64	TotalCN	3	0.47	NaN	85	3	STT9353.OSCHP
217	16	46461309	51172677	337	TotalCN	4	0.617	0.49	85	3	STT9353.OSCHP
218	16	51200531	85356129	2567	TotalCN	2	-0.14	NaN	85	3	STT9353.OSCHP
219	16	85362984	85682471	22	TotalCN	1	-1.103	NaN	85	3	STT9353.OSCHP
220	16	85699527	90158005	409	TotalCN	2	-0.101	NaN	85	3	STT9353.OSCHP
221	17	400959	685752	20	TotalCN	3	0.471	NaN	85	3	STT9353.OSCHP
222	17	705233	10324745	865	TotalCN	2	-0.107	NaN	85	3	STT9353.OSCHP
223	17	10344306	22217883	856	TotalCN	6	1.237	0.349	85	3	STT9353.OSCHP
224	17	25326941	53231137	2445	TotalCN	3	0.337	0.363	85	3	STT9353.OSCHP
225	17	53238728	54278715	83	TotalCN	4	0.799	0.251	85	3	STT9353.OSCHP
226	17	54291151	59033797	412	TotalCN	3	0.307	0.36	85	3	STT9353.OSCHP
227	17	59050792	61265504	173	TotalCN	4	0.728	0.247	85	3	STT9353.OSCHP
228	17	61300328	65594438	341	TotalCN	3	0.369	0.351	85	3	STT9353.OSCHP
229	17	65599532	80263427	1218	TotalCN	4	0.756	0.282	85	3	STT9353.OSCHP
230	18	12842	25276283	1573	TotalCN	4	0.616	0.488	85	3	STT9353.OSCHP
231	18	25292830	25554456	25	TotalCN	3	0.471	NaN	85	3	STT9353.OSCHP
232	18	25559158	28705370	241	TotalCN	4	0.652	0.488	85	3	STT9353.OSCHP
233	18	28720147	28986333	19	TotalCN	3	0.475	NaN	85	3	STT9353.OSCHP
234	18	28995493	29715321	51	TotalCN	4	0.697	0.493	85	3	STT9353.OSCHP
235	18	29736017	30013818	21	TotalCN	3	0.399	NaN	85	3	STT9353.OSCHP
236	18	30036543	38698586	600	TotalCN	4	0.611	0.486	85	3	STT9353.OSCHP
237	18	38719680	39043755	26	TotalCN	3	0.536	NaN	85	3	STT9353.OSCHP
238	18	39068238	58096656	1533	TotalCN	4	0.611	0.488	85	3	STT9353.OSCHP
239	18	58101205	58468979	26	TotalCN	3	0.555	NaN	85	3	STT9353.OSCHP
240	18	58487319	64252555	540	TotalCN	4	0.603	0.485	85	3	STT9353.OSCHP
241	18	64268270	64690182	29	TotalCN	3	0.435	NaN	85	3	STT9353.OSCHP
242	18	64717775	64985353	19	TotalCN	4	0.652	0.485	85	3	STT9353.OSCHP
243	18	65019526	65285279	20	TotalCN	3	0.497	NaN	85	3	STT9353.OSCHP
244	18	65300789	71423101	430	TotalCN	4	0.615	0.487	85	3	STT9353.OSCHP
245	18	71434228	71823945	26	TotalCN	3	0.523	NaN	85	3	STT9353.OSCHP
246	18	71857275	78007784	416	TotalCN	4	0.616	0.489	85	3	STT9353.OSCHP
247	19	247232	1505874	205	TotalCN	4	0.474	0.486	85	3	STT9353.OSCHP
248	19	1526931	1661081	21	TotalCN	3	0.418	NaN	85	3	STT9353.OSCHP
249	19	1668161	8433259	541	TotalCN	4	0.644	0.486	85	3	STT9353.OSCHP
250	19	8458145	8754907	18	TotalCN	3	0.47	NaN	85	3	STT9353.OSCHP
251	19	8778516	9649692	108	TotalCN	4	0.692	0.485	85	3	STT9353.OSCHP
252	19	9675949	10039771	25	TotalCN	3	0.511	NaN	85	3	STT9353.OSCHP
253	19	10050184	12797314	246	TotalCN	4	0.691	0.487	85	3	STT9353.OSCHP
254	19	12811379	13276345	57	TotalCN	3	0.559	NaN	85	3	STT9353.OSCHP
255	19	13280998	16479411	272	TotalCN	4	0.664	0.486	85	3	STT9353.OSCHP
256	19	16501005	17030668	41	TotalCN	3	0.579	NaN	85	3	STT9353.OSCHP
257	19	17035898	22727252	467	TotalCN	4	0.666	0.488	85	3	STT9353.OSCHP
258	19	22741675	23029108	19	TotalCN	3	0.465	0.456	85	3	STT9353.OSCHP
259	19	23050838	30104198	262	TotalCN	4	0.555	0.487	85	3	STT9353.OSCHP
260	19	30113991	59093239	2553	TotalCN	3	0.311	0.361	85	3	STT9353.OSCHP
261	20	69094	1985050	142	TotalCN	3	0.338	0.369	85	3	STT9353.OSCHP
262	20	2000810	8343544	443	TotalCN	2	-0.165	NaN	85	3	STT9353.OSCHP
263	20	8358004	14590468	731	TotalCN	3	0.325	0.356	85	3	STT9353.OSCHP
264	20	14593248	14764447	70	TotalCN	2.5	0.205	NaN	85	3	STT9353.OSCHP
265	20	14768374	26309255	1212	TotalCN	3	0.313	0.363	85	3	STT9353.OSCHP
266	20	29519156	62912463	2493	TotalCN	5	0.879	0.251	85	3	STT9353.OSCHP
267	21	9648315	19186238	281	TotalCN	3	0.332	0.376	85	3	STT9353.OSCHP
268	21	19213023	31220453	800	TotalCN	2	-0.003	0.485	85	3	STT9353.OSCHP
269	21	31232475	31568704	23	TotalCN	1	-0.353	NaN	85	3	STT9353.OSCHP
270	21	31588676	48097610	1245	TotalCN	2	0.003	0.488	85	3	STT9353.OSCHP
271	22	16054713	51213826	2796	TotalCN	3	0.36	0.361	85	3	STT9353.OSCHP
272	24	177942	4690651	244	TotalCN	1	-0.831	NaN	85	3	STT9353.OSCHP
273	24	4712340	5688419	64	TotalCN	7	1.322	0.184	85	3	STT9353.OSCHP
274	24	5699090	42465377	2714	TotalCN	1	-0.855	NaN	85	3	STT9353.OSCHP
275	24	42483320	54526800	923	TotalCN	7	1.285	0.183	85	3	STT9353.OSCHP
276	24	54559663	56083761	141	TotalCN	5	0.995	NaN	85	3	STT9353.OSCHP
277	24	56092243	62732675	210	TotalCN	6	1.13	0.193	85	3	STT9353.OSCHP
278	24	62781694	136924190	5604	TotalCN	1	-0.856	NaN	85	3	STT9353.OSCHP
279	24	136931651	155219364	1290	TotalCN	6	1.181	0.197	85	3	STT9353.OSCHP
280	25	2660163	28799935	614	TotalCN	0	-3.712	0.375	85	3	STT9353.OSCHP
1	1	754192	121350934	9085	LOH	0	-	-	85	3	STT9353.OSCHP
2	1	144009053	147830492	223	LOH	0	-	-	85	3	STT9353.OSCHP
3	1	149044448	249212878	7779	LOH	0	-	-	85	3	STT9353.OSCHP
4	2	21494	80310648	5787	LOH	0	-	-	85	3	STT9353.OSCHP
5	2	80317685	83737203	164	LOH	1	-	-	85	3	STT9353.OSCHP
6	2	83763938	90245035	296	LOH	0	-	-	85	3	STT9353.OSCHP
7	2	91866487	91866487	1	LOH	0	-	-	85	3	STT9353.OSCHP
8	2	95429197	156546655	4652	LOH	0	-	-	85	3	STT9353.OSCHP
9	2	156596368	159196771	113	LOH	1	-	-	85	3	STT9353.OSCHP
10	2	159263645	243052331	5981	LOH	0	-	-	85	3	STT9353.OSCHP
11	3	63411	90473621	7267	LOH	0	-	-	85	3	STT9353.OSCHP
12	3	93517443	186458322	6660	LOH	0	-	-	85	3	STT9353.OSCHP
13	3	186464055	189020311	295	LOH	1	-	-	85	3	STT9353.OSCHP
14	3	189031635	197852564	748	LOH	0	-	-	85	3	STT9353.OSCHP
15	4	71566	49092454	3083	LOH	0	-	-	85	3	STT9353.OSCHP
16	4	52684891	190915650	9184	LOH	0	-	-	85	3	STT9353.OSCHP
17	5	38139	41573835	2911	LOH	0	-	-	85	3	STT9353.OSCHP
18	5	41586405	46401271	320	LOH	1	-	-	85	3	STT9353.OSCHP
19	5	49441966	68828372	1383	LOH	0	-	-	85	3	STT9353.OSCHP
20	5	70306678	180698312	7721	LOH	0	-	-	85	3	STT9353.OSCHP
21	6	204909	58770502	3830	LOH	1	-	-	85	3	STT9353.OSCHP
22	6	61886393	85904766	1196	LOH	0	-	-	85	3	STT9353.OSCHP
23	6	85939551	116787017	2285	LOH	1	-	-	85	3	STT9353.OSCHP
24	6	116796722	170913051	4151	LOH	0	-	-	85	3	STT9353.OSCHP
25	7	41421	58011645	4475	LOH	0	-	-	85	3	STT9353.OSCHP
26	7	61064518	159118443	7442	LOH	0	-	-	85	3	STT9353.OSCHP
27	8	172417	7004147	1044	LOH	0	-	-	85	3	STT9353.OSCHP
28	8	8094763	43751375	2811	LOH	0	-	-	85	3	STT9353.OSCHP
29	8	46896972	90327155	3186	LOH	0	-	-	85	3	STT9353.OSCHP
30	8	90339457	93223379	218	LOH	1	-	-	85	3	STT9353.OSCHP
31	8	93240419	146292734	4658	LOH	0	-	-	85	3	STT9353.OSCHP
32	9	204738	7180040	520	LOH	1	-	-	85	3	STT9353.OSCHP
33	9	7197469	16864521	923	LOH	0	-	-	85	3	STT9353.OSCHP
34	9	16885017	22018343	529	LOH	1	-	-	85	3	STT9353.OSCHP
35	9	22018696	23297808	120	LOH	0	-	-	85	3	STT9353.OSCHP
36	9	23307283	25902763	174	LOH	1	-	-	85	3	STT9353.OSCHP
37	9	25919851	39184065	947	LOH	0	-	-	85	3	STT9353.OSCHP
38	9	44098813	44893094	4	LOH	0	-	-	85	3	STT9353.OSCHP
39	9	68170421	68170421	1	LOH	0	-	-	85	3	STT9353.OSCHP
40	9	70984372	141054761	5300	LOH	0	-	-	85	3	STT9353.OSCHP
41	10	126070	39146676	2836	LOH	0	-	-	85	3	STT9353.OSCHP
42	10	42413322	135434303	6838	LOH	0	-	-	85	3	STT9353.OSCHP
43	11	192764	51575951	3654	LOH	0	-	-	85	3	STT9353.OSCHP
44	11	54795357	74654792	1529	LOH	0	-	-	85	3	STT9353.OSCHP
45	11	74664025	78576074	356	LOH	1	-	-	85	3	STT9353.OSCHP
46	11	78602525	125123425	3528	LOH	0	-	-	85	3	STT9353.OSCHP
47	11	125133844	134938847	796	LOH	1	-	-	85	3	STT9353.OSCHP
48	12	189400	34828211	2848	LOH	0	-	-	85	3	STT9353.OSCHP
49	12	37927248	133818115	7477	LOH	0	-	-	85	3	STT9353.OSCHP
50	13	19084823	37524255	1480	LOH	0	-	-	85	3	STT9353.OSCHP
51	13	37541821	67893880	2379	LOH	1	-	-	85	3	STT9353.OSCHP
52	13	67906384	115103150	4051	LOH	0	-	-	85	3	STT9353.OSCHP
53	14	20219083	103715043	6304	LOH	0	-	-	85	3	STT9353.OSCHP
54	14	103726502	107282024	444	LOH	1	-	-	85	3	STT9353.OSCHP
55	15	20161372	20212798	6	LOH	0	-	-	85	3	STT9353.OSCHP
56	15	22752399	102397317	5981	LOH	0	-	-	85	3	STT9353.OSCHP
57	16	83887	35271725	2457	LOH	1	-	-	85	3	STT9353.OSCHP
58	16	46461309	51061406	324	LOH	0	-	-	85	3	STT9353.OSCHP
59	16	51068285	90158005	2992	LOH	1	-	-	85	3	STT9353.OSCHP
60	17	400959	10295497	879	LOH	1	-	-	85	3	STT9353.OSCHP
61	17	10320374	22217883	849	LOH	0	-	-	85	3	STT9353.OSCHP
62	17	25326941	80263427	4626	LOH	0	-	-	85	3	STT9353.OSCHP
63	18	12842	15377471	1070	LOH	0	-	-	85	3	STT9353.OSCHP
64	18	18554307	78007784	4505	LOH	0	-	-	85	3	STT9353.OSCHP
65	19	247232	24544320	2106	LOH	0	-	-	85	3	STT9353.OSCHP
66	19	27754573	59093239	2665	LOH	0	-	-	85	3	STT9353.OSCHP
67	20	69094	1946229	139	LOH	0	-	-	85	3	STT9353.OSCHP
68	20	1950858	8722525	470	LOH	1	-	-	85	3	STT9353.OSCHP
69	20	8730995	26309255	1971	LOH	0	-	-	85	3	STT9353.OSCHP
70	20	29519156	62912463	2491	LOH	0	-	-	85	3	STT9353.OSCHP
71	21	9648315	10964139	8	LOH	0	-	-	85	3	STT9353.OSCHP
72	21	14344537	48097610	2335	LOH	0	-	-	85	3	STT9353.OSCHP
73	22	16054713	51213826	2714	LOH	0	-	-	85	3	STT9353.OSCHP
74	24	177942	42680861	3027	LOH	1	-	-	85	3	STT9353.OSCHP
75	24	42694490	58412929	1151	LOH	0	-	-	85	3	STT9353.OSCHP
76	24	61732394	62474000	38	LOH	0	-	-	85	3	STT9353.OSCHP
77	24	62495212	137071222	5522	LOH	1	-	-	85	3	STT9353.OSCHP
78	24	137088138	155219364	1272	LOH	0	-	-	85	3	STT9353.OSCHP
